last-generated=2016-03-21
statistics-initialization=
{
  "numerical Jacobians": "0", 
  "nonlinear": "1, 1, 1, 1, 1, 1, 1, 3, 1, 1, 1, 1, 1, 1, 1, 1, 1, 1, 1, 1, 1, 1"
}
statistics-simulation=
{
  "numerical Jacobians": "0", 
  "nonlinear": "1, 1, 1, 1, 1, 1, 1, 3, 1, 1, 1, 1, 1, 1, 1, 1, 0, 0, 0, 0, 0, 0", 
  "number of continuous time states": "114", 
  "linear": " "
}
roo.roo47.vavACH.y=[0., 0.00000000003992906006, 0.00000000002300321739, 0.00000000001820426102, 0.00000000014848078322, -0.00000000000316893712, -0.00000000000144028897, 0.000000000051315098, 0.00000000000078527002, -0.00000000000034934338, 0.00000000003318236311, -0.00000000003108178645, 0.00000000019842485988, 0.00609149783849716187, 0.00609149830415844917, 0.0060915001668035984, 0.00609149783849716187, 0.00609150761738419533, 0.00609150715172290802, 0.00609153462573885918, 0.00611561303958296776, 0.00609700707718729973, 0.00615955935791134834, 0.00618262961506843567, 0.6175181269645690918, 0.71248805522918701172, 0.48720577359199523926, 0.49031758308410644531, 1.35343444347381614001, 1.36968410015106201172, 1.37029302120208740234, 1.37033522129058837891, 0.74087673425674438477, 0.73136162757873535156, 0.96124005317687988281, 0.96361756324768066406, 0.963726043701171875, 0.96375864744186401367, 0.00000000083495010905, -0.00000000022751053819, 0.00000000011414386103, 0.00000000113288978199, 0.00000000376830122661, 0.00000000103273467555, 0.0000000082382713984, 0.00000000137312594628, -0.0000000157336810247, 0.00000000807565037064, 0.00000003552524674433, -0.00000000020118452737, 0.0000000024374315899, 0.00000002268236443115, 0.00000000070322286883, 0.00000000341236483514, -0.0000000003441799068, 0.00000004274028597706, 0.00000000184339676856, 0.00000000103691055742, -0.00000000405856148689, 0.00000000412549239215, -0.00000000029405358704, 0.00000010929639415735, 0.00000000479461625957, 0.15932701528072357178, 0.05833003297448158264, 0.03577953949570655823, 0.02572509460151195526, 0.14730969071388244629, 0.48470404744148271048, 0.65755653381347101138, 0.71320003271102905273, 0.70993340015411376953, 0.72273051738739013672, 0.7245400547981262207, 0.72190487384796142578, 0.72138726711273193359, 0.50261038541793823242, 0.50256711244583129883, 1.35484862327575683594, 1.3700809478759765625, 1.37046027183532714844, 1.37039589881896972656, 0.74080359935760498047, 0.73136353492736816406, 0.9611561894416809082, 0.96362721920013427734, 0.96372753381729125977, 0.96375906467437744141, 0.00000000244471376476, 0.00000000089372031997, 0.00000000135563760217, -0.00000000005459463437, -0.00000000036263667069, 0.00000000050942028373, -0.0000000008569024379, 0.00000000018224113885, 0.00000000346316419986, -0.00000000061025517972, 0.0000000020465209527, -0.00000000045103698554, 0.00000000604679062377]
roo.roo49.vavACH.y=[0., 0.00000000019420533237, 0.00000000011173707792, 0.00000000008850215005, 0.00000000072166306264, -0.00000000001532641201, -0.00000000000698951791, 0.000000000249447768, 0.00000000000392496712, -0.00000000000175378689, 0.00000000016123487268, -0.00000000015066090042, 0.00000000096452412723, 0.02961756475269794464, 0.0296175684779882431, 0.02961757592856884003, 0.02961756661534309387, 0.02961754053831100464, 0.02961753867566585541, 0.02961753867566585541, 1.36382281780242919922, 1.40355026721954345703, 2.60532474517822265625, 3.11267733573913574219, 3.15913987159729003906, 3.22651052474975585938, 3.19403171539306640625, 3.22235202789306640625, 2.15467214584350630346, 2.18708920478820800781, 3.55348467826843261719, 3.55378007888793945312, 3.31764316558837890625, 3.31070876121520996094, 2.25542521476745605469, 2.25133609771728515625, 2.25171399116516113281, 2.25181531906127929688, 0.00000000095260488386, -0.00000000025917779034, 0.00000000012908293878, 0.00000000129487698342, 0.00000000430594937484, 0.00000000117625120755, 0.00000000940337585575, 0.00000000157047130855, -0.0000000179707484449, 0.00000000922425691385, 0.00000004058038882704, -0.00000000022926836818, 0.0000000028031683641, 0.00000002590968684046, 0.00000000080193329755, 0.00000000389834919901, -0.00000000039365796733, 0.00000004883247584076, 0.00000000211412642948, 0.00000000118445953046, -0.00000000463349270063, 0.00000000471669947544, -0.00000000033653768661, 0.00000012486378864196, 0.00000000546960832182, 0.16125079989433288574, 0.05563066154718399048, 0.03403665125370025635, 0.02961555309593677521, 1.35454487800598144531, 1.41603398323059104236, 3.2484967708587291213, 3.22201871871948242188, 3.2188625335693359375, 3.27483081817626953125, 3.27861380577087402344, 3.26574277877807617188, 3.26372861862182617188, 3.29668426513671875, 3.2959346771240234375, 2.15798521041870117188, 2.18805265426635742188, 3.55401134490966796875, 3.55396819114685058594, 3.31773257255554199219, 3.31075978279113769531, 2.2554454803466796875, 2.25132656097412109375, 2.25171613693237304688, 2.25181674957275390625, 0.00000000278618217386, 0.00000000103164865539, 0.0000000015484288296, -0.0000000000639790998, -0.00000000041445855081, 0.00000000058548177417, -0.00000000097902619345, 0.00000000020812884749, 0.00000000395838295475, -0.00000000069994698926, 0.0000000023401280913, -0.00000000051711745996, 0.00000000690052148755]
roo.roo48.vavACH.y=[0., 0.00000000006424327043, 0.00000000003691160919, 0.00000000002925927556, 0.00000000023856025488, -0.00000000000503818948, -0.00000000000230780802, 0.00000000008247810074, 0.00000000000133794744, -0.00000000000059693092, 0.00000000005328299954, -0.00000000004966388065, 0.00000000031887947838, 0.00979435350745916367, 0.00979435443878173828, 0.00979435630142688751, 0.00979435350745916367, 0.00979431997984647751, 0.00979431904852390289, 0.00979431904852390289, 0.00981070846319198608, 0.00978538766503334045, 1.02549588680267333984, 1.15380454063415527344, 1.16724765300750732422, 1.19142913818359375, 0.81245225667953491211, 0.81982147693634033203, 1.93396186828613303454, 1.95002675056457519531, 1.95074033737182617188, 1.95088541507720947266, 1.22445523738861083984, 1.22145605087280273438, 2.26651978492736816406, 2.26491594314575195312, 2.26513743400573730469, 2.26519656181335449219, 0.00000000152231693917, -0.00000000041324443867, 0.00000000020389633038, 0.00000000207203743052, 0.00000000689049617364, 0.00000000187613680147, 0.00000001502835722533, 0.00000000251508391891, -0.00000002874064541913, 0.00000001475394384443, 0.00000006490768100775, -0.00000000036654068669, 0.00000000451588233474, 0.00000004144216703139, 0.00000000127989319143, 0.00000000623591311921, -0.00000000063058774868, 0.00000007812417379683, 0.00000000339481176503, 0.00000000189448678967, -0.00000000740639816144, 0.00000000755195728175, -0.00000000053990573123, 0.0000001997416489985, 0.00000000873625705111, 0.1677084118127822876, 0.0569593086838722229, 0.03477133065462112427, 0.02504864335060119629, 0.43508791923522949219, 0.81981790065765380859, 1.16114413738249688812, 1.19087576866149902344, 1.18748354911804199219, 1.20792925357818603516, 1.20990204811096191406, 1.20561075210571289062, 1.20487713813781738281, 0.83885294198989868164, 0.83958011865615844727, 1.93576836585998535156, 1.95057082176208496094, 1.9509716033935546875, 1.95097005367279052734, 1.22445273399353027344, 1.22147512435913085938, 2.26651048660278320312, 2.26491665840148925781, 2.26513910293579101562, 2.26519775390625, 0.00000000444590586568, 0.00000000166714619887, 0.00000000247564102551, -0.00000000010449192206, -0.00000000066256955478, 0.00000000094242558202, -0.00000000156665080908, 0.00000000033255667664, 0.00000000633474916967, -0.00000000112415032838, 0.00000000374716746521, -0.00000000083157308817, 0.00000001102434055156]
roo.roo45.vavACH.y=[0., 0.00000000007332676133, 0.00000000004250590158, 0.00000000003352230993, 0.00000000027359520205, -0.00000000000598859981, -0.00000000000267513832, 0.00000000009448693911, 0.00000000000124756726, -0.00000000000054693544, 0.00000000006122079232, -0.00000000005799456401, 0.00000000036543054693, 0.01120584271848201752, 0.01120584458112716675, 0.01120584737509489059, 0.01120584364980459213, 0.01120597776025533676, 0.01120597682893276215, 0.01120605971664190292, 0.01126385852694511414, 0.87611550092697143555, 1.43035566806793212891, 1.59929859638214111328, 1.626453399658203125, 1.6573200225830078125, 0.0919062197208404541, 0.05777527019381523132, 1.71036934852600119861, 1.72244131565093994141, 1.72976243495941162109, 1.73004174232482910156, 2.2055950164794921875, 2.20212888717651367188, 1.17449331283569335938, 1.17162537574768066406, 1.17175626754760742188, 1.17178952693939208984, 0.00000000067627203837, -0.00000000018679288671, 0.00000000009733527873, 0.00000000091434582128, 0.00000000304375413762, 0.00000000084602169714, 0.0000000066909113805, 0.00000000110439568601, -0.00000001273834726589, 0.00000000653608234202, 0.00000002874693016963, -0.00000000016414435089, 0.00000000190761961782, 0.00000001835508101067, 0.00000000057393706454, 0.00000000275947309447, -0.00000000027715929551, 0.00000003455097896677, 0.00000000146411827107, 0.00000000083935502992, -0.00000000329311067304, 0.00000000332325744701, -0.00000000023534654781, 0.00000008839463561117, 0.00000000390378307458, 0.14233803749084472656, 0.0554068349301815033, 0.03449204191565513611, 0.0249673798680305481, 1.16693735122680664062, 1.41578626632690429688, 1.17479455471039528902, 1.15020096302032470703, 1.58438229560852050781, 1.68358850479125976562, 1.68228495121002197266, 1.67502856254577636719, 1.67418622970581054688, 0.09528321027755737305, 0.06044440716505050659, 1.71202683448791503906, 1.72293436527252197266, 1.72997164726257324219, 1.73012042045593261719, 2.20566630363464355469, 2.2021579742431640625, 1.17455220222473144531, 1.17161250114440917969, 1.17175602912902832031, 1.17179036140441894531, 0.00000000199927163713, 0.00000000068854200119, 0.00000000109863729225, -0.00000000003969154519, -0.0000000002932173393, 0.00000000039964201393, -0.00000000069270778003, 0.00000000014778270274, 0.00000000279544876136, -0.00000000048402432062, 0.00000000164795499469, -0.00000000035676905874, 0.00000000491720175688]
time=[0., 172800.]
roo.roo46.vavACH.y=[0., 0.0000000000603689182, 0.00000000003493033293, 0.00000000002757621909, 0.00000000022501379926, -0.00000000000489058837, -0.00000000000219461168, 0.00000000007772753968, 0.00000000000107565606, -0.0000000000004774364, 0.00000000005033249859, -0.00000000004751459989, 0.0000000003006002669, 0.00922082830220460892, 0.00922082923352718353, 0.00922083202749490738, 0.00922082923352718353, 0.00922088325023651123, 0.00922088325023651123, 0.00922097545117139816, 0.00926700141280889511, 0.84160351753234863281, 1.42257416248321533203, 1.39559876918792724609, 1.22849738597869873047, 1.25473964214324951172, 0.0855277329683303833, 0.04978769272565841675, 2.38340401649475097656, 2.40054845809936523438, 2.40212130546569824219, 2.40226292610168457031, 1.67293453216552734375, 1.66943383216857910156, 2.01895260810852050781, 2.01717329025268554688, 2.01737332344055175781, 2.01742506027221679688, 0.00000000136312283683, -0.0000000003752739508, 0.00000000019291376829, 0.00000000184672632741, 0.00000000614576967095, 0.00000000170037250946, 0.00000001348657985289, 0.00000000223301888091, -0.00000002570097734633, 0.00000001318843523279, 0.00000005800865565675, -0.00000000033026567592, 0.00000000389024412684, 0.00000003703848605596, 0.00000000115546394674, 0.00000000556950663366, -0.00000000056011673077, 0.00000006974251220982, 0.00000000297207680688, 0.00000000169369551717, -0.00000000663975807669, 0.00000000671564848176, -0.00000000047677362058, 0.00000017840207533482, 0.00000000786226106442, 0.1674509197473526001, 0.05915880203247070312, 0.03600502759218215942, 0.02579540945589542389, 1.39740014076232910156, 1.64248287677764892578, 0.96170365810396374329, 0.86254370212554931641, 1.44997739791870117188, 1.65229070186614990234, 1.49014604091644287109, 1.26890790462493896484, 1.26812469959259033203, 0.08841991424560546875, 0.05181987956166267395, 2.38543868064880371094, 2.40115809440612792969, 2.40238308906555175781, 2.40235853195190429688, 1.67294263839721679688, 1.66945731639862060547, 2.01898026466369628906, 2.01717042922973632812, 2.01737451553344726562, 2.01742601394653320312, 0.00000000402075750472, 0.00000000141154066213, 0.00000000221594009808, -0.00000000008303170651, -0.0000000005916208079, 0.00000000081433176868, -0.00000000139834743784, 0.00000000029813820857, 0.00000000564491520194, -0.00000000098303343243, 0.00000000333011485054, -0.00000000072509193094, 0.00000000990715687266]
roo.roo50.vavACH.y=[0., 0.00000000002627423452, 0.00000000001515523818, 0.00000000001198581685, 0.00000000009776836285, -0.00000000000209791429, -0.00000000000095008333, 0.00000000003378469726, 0.00000000000050205228, -0.00000000000022401525, 0.00000000002185587648, -0.00000000002051624495, 0.0000000001306411368, 0.00400968920439481735, 0.00400968967005610466, 0.00400969060137867928, 0.00400968920439481735, 0.00400970689952373505, 0.00400970643386244774, 0.00400971528142690659, 0.00401588249951601028, 0.00400906102731823921, 0.00404429296031594276, 0.0906774476170539856, 0.39176088571548461914, 0.40815302729606628418, 0.86302572488784790039, 0.87479788064956665039, 0.31041857600212097168, 0.31085205078125, 0.43913310766220092773, 0.44105517864227294922, 0.42289718985557556152, 0.42118301987648010254, 0.25922933220863331183, 0.2499917447566986084, 0.24991695582866668701, 0.24992102384567260742, 0.00000000022725078763, -0.00000000006209469744, 0.00000000003138940496, 0.00000000030828961606, 0.0000000010254306293, 0.00000000028176780353, 0.00000000224438090335, 0.00000000037333114378, -0.00000000428361213167, 0.00000000219846740812, 0.00000000967087832038, -0.00000000005483275639, 0.00000000065909816493, 0.00000000617471052067, 0.00000000019178308941, 0.00000000092873636559, -0.00000000009364192755, 0.00000001163262108861, 0.00000000049999354657, 0.00000000028229388271, -0.00000000110544273735, 0.00000000112201870017, -0.00000000007982846328, 0.00000002974999091521, 0.00000000130682908939, 0.09206711500883102417, 0.04114139452576637268, 0.02664850838482379913, 0.01976743899285793304, 0.08959299325942993164, 0.3523434996604921654, 0.68915897607802212299, 0.84595811367034912109, 0.62393558025360107422, 0.41829726099967956543, 0.41707643866539001465, 0.4150485694408416748, 0.41459041833877563477, 0.88190436363220214844, 0.89193642139434814453, 0.31138959527015686035, 0.31100237369537353516, 0.43915140628814697266, 0.4410890042781829834, 0.42290627956390380859, 0.4211902916431427002, 0.25929367542266845703, 0.24995413422584533691, 0.24991428852081298828, 0.24992136657238006592, 0.00000000066691335787, 0.00000000024101179386, 0.00000000036920058677, -0.00000000001457647891, -0.00000000009866747697, 0.00000000013781871477, -0.00000000023319726705, 0.00000000004964946163, 0.00000000094228735925, -0.00000000016544560166, 0.0000000005565107819, -0.00000000012205822464, 0.00000000164785174395]
fan56.m_flow=[0., -0.0000000005528842939, 0.00000000085236334657, 0.00000000016125792368, 0.00000000211938977479, -0.00000000064503169472, -0.00000000009214738694, 0.00000000046073692084, -0.00000000080628964616, 0.00000000036858954777, 0.00000000078325279596, -0.00000000340945338628, 0.00000000214242668051, 0.01376857049763202667, 0.01376848109066486359, 0.01376938354223966599, 0.01376857608556747437, 0.01462331600487232208, 0.0146230282261967659, 0.0144560299813747406, 0.03586515039205551147, 0.89678323268890380859, 1.61711621284484863281, 1.73842096328735351562, 1.83723771572113037109, 1.89169561862945556641, 0.3954544365406036377, 0.3629932105541229248, 2.59073591232299849096, 2.61114025115966796875, 2.64494562149047851562, 2.64530467987060546875, 2.40584135055541992188, 2.399677276611328125, 2.0755023956298828125, 2.07279992103576660156, 2.07301402091979980469, 2.07307171821594238281, 0.00000000142828449068, -0.00000000057592114411, 0.00000000059895799431, 0.00000000170472669314, 0.00000000587439608069, 0.00000000260316368461, 0.00000001584935027665, 0.00000000179687398294, -0.00000002688400080331, 0.00000001368388691247, 0.00000005971150329742, -0.00000000043770007063, -0.00000000119791598863, 0.00000003817205396217, 0.00000000154346868619, 0.00000000562099033985, -0.00000000043770007063, 0.00000006911054128978, 0.00000000082932649636, 0.00000000179687398294, -0.0000000075100121677, 0.00000000559795365618, -0.00000000023036846042, 0.00000017991777667703, 0.00000001004406513516, 0.21717809140682220459, 0.0803875848650932312, 0.04955033212900161743, 0.03581036627292633057, 1.38458359241485595703, 1.77283501625061057361, 1.47984981536866144758, 1.44827282428741455078, 1.93532168865203857422, 2.07369208335876464844, 2.00855684280395507812, 1.91300261020660400391, 1.91191315650939941406, 0.4080009162425994873, 0.37267321348190307617, 2.5932025909423828125, 2.61186480522155761719, 2.64525365829467773438, 2.64541983604431152344, 2.40587353706359863281, 2.39970850944519042969, 2.07553339004516601562, 2.07279086112976074219, 2.07301473617553710938, 2.07307291030883789062, 0.00000000587439608069, -0.00000000138221079027, 0.00000000234975838787, 0.00000000027644214695, -0.00000000062199484452, -0.00000000018429477389, -0.00000000133613708986, 0.00000000039162639798, 0.00000000525240118066, -0.00000000020733162409, 0.00000000278745848625, -0.00000000002303684674, 0.000000012163455132]
fan32.m_flow=[0., -0.00000006385283057853, -0.00000003582476182373, -0.0000000409673930335, -0.00000006838525479225, 0.00000000940648448022, 0.00000001610931121832, -0.00000005313789586126, -0.00000005511952139159, 0.00000001346197819885, 0.0000000304584908406, 0.00000010988389931299, -0.00000034279062788301, 0.01376898027956485748, 0.0137690352275967598, 0.01376900821924209595, 0.0137689933180809021, 0.01376911532133817673, 0.01376910693943500519, 0.01376918796449899673, 0.03517772629857063293, 0.89620232582092285156, 1.61633026599884033203, 1.73702275753021240234, 1.836399078369140625, 1.89079141616821289062, 0.39528805017471313477, 0.36284247040748596191, 2.58952689170837402344, 2.60987186431884765625, 2.64366054534912109375, 2.64401888847351074219, 2.40466356277465820312, 2.39851284027099609375, 2.07449460029602050781, 2.07180118560791015625, 2.07201552391052246094, 2.0720729827880859375, -0.00000000009625084063, 0.00000001743181421432, 0.0000000534943538355, 0.00000005494691990293, -0.00000008648472515915, 0.00000007744313279545, -0.00000007810838553723, -0.00000000860693738503, 0.00000066824748046201, -0.00000009589269467369, -0.00000043576602593021, 0.0000000066753789163, 0.00000014708761852944, -0.00000022549720313236, 0.00000008517649519035, -0.00000008036156629032, 0.00000001083958522941, -0.00000008155898001405, -0.00000009770783293561, -0.00000003287874861257, 0.00000000202122985016, -0.00000000149027878926, 0.00000011308065239746, -0.00000067024626559942, -0.0000000656307648228, 0.21711041033267974854, 0.080379486083984375, 0.0495473816990852356, 0.03580879420042037964, 1.38528382778167724609, 1.77199220657348655017, 1.47898411750794367414, 1.44758379459381103516, 1.93527078628540039062, 2.072696685791015625, 2.00714087486267089844, 1.91208374500274658203, 1.91099524497985839844, 0.40783160924911499023, 0.37252196669578552246, 2.591991424560546875, 2.61059546470642089844, 2.64396834373474121094, 2.64413404464721679688, 2.40469574928283691406, 2.39854407310485839844, 2.0745258331298828125, 2.07179236412048339844, 2.07201600074768066406, 2.07207417488098144531, 0.00000012249449810042, 0.00000027868998131453, -0.00000003802808024034, 0.00000002039486979299, 0.00000003723442887349, 0.00000000746446460198, 0.00000006291377729895, 0.00000001157358120452, -0.00000002573589164001, 0.00000001048437692219, -0.00000003209292032125, 0.00000006663930918194, -0.00000005300787009332]
fan56.dp=[0., -0.00000009612995199859, -0.00000005956098902971, -0.00000001394073478878, -0.00000079578603617847, -0.0000000027212081477, -0.00000003176683094352, -0.00000019613071344793, 0.00000013783574104309, -0.00000003271270543337, -0.00000029552029445767, -0.00000007495691534132, -0.00000040802115108818, -39.426853179931640625, -39.426853179931640625, -39.42685699462890625, -39.426853179931640625, -39.42144012451171875, -39.42144012451171875, -39.42288970947265625, -39.577930450439453125, -38.52304840087890625, -41.18109130859375, -41.839111328125, -42.72422027587890625, -43.094074249267578125, -40.2315521240234375, -40.30545806884765625, -49.284191131591796875, -49.4987030029296875, -50.120655059814453125, -50.124843597412109375, -46.338226318359375, -46.28163909912109375, -45.73126983642578125, -45.710552215576171875, -45.71228790283203125, -45.7127685546875, -0.00000004099274519831, -0.00000003314926289022, -0.00000014333636499941, -0.00000019634899217635, 0.00000003525929059833, -0.00000025219924282283, -0.00000021069718059152, -0.00000004492176230997, -0.00000092995469458401, -0.00000015371188055724, -0.00000063945481088012, -0.0000000069267116487, -0.00000050204107537866, -0.00000053962867241353, -0.00000025327608454973, 0.00000003645254764706, -0.00000001098669599742, -0.00000190293940249848, 0.00000016426201909781, 0.00000003263994585722, 0.00000019854633137584, -0.00000020036532077938, -0.00000027523492462933, -0.00000366133463103324, -0.00000007466587703675, -39.19663238525390625, -39.353054046630859375, -39.388179779052734375, -39.40406036376953125, -39.893253326416015625, -41.942996978759765625, -41.46150970458985796085, -41.4570159912109375, -43.48485565185546875, -44.2613525390625, -43.826656341552734375, -43.231113433837890625, -43.22394561767578125, -40.26659393310546875, -40.33087921142578125, -49.309551239013671875, -49.50616455078125, -50.123905181884765625, -50.126064300537109375, -46.338413238525390625, -46.28189849853515625, -45.731395721435546875, -45.710491180419921875, -45.7122955322265625, -45.712779998779296875, -0.00000043728505261242, -0.00000076628930401057, 0.00000002984597813338, -0.00000005027686711401, -0.00000007734342943877, -0.00000004263711161911, -0.00000011842348612845, -0.00000003875175025314, -0.00000010400253813714, 0.00000000145519152284, -0.00000001842272467911, -0.00000014947727322578, -0.00000016683770809323]
fan32.dp=[0., -0.00000019208528101444, -0.0000001189619069919, -0.00000002850720193237, -0.00000158090551849455, -0.0000000051804818213, -0.00000006273330654949, -0.00000039036967791617, 0.00000027248461265117, -0.00000006466871127486, -0.00000058596197050065, -0.00000014645047485828, -0.00000081682810559869, -78.38410186767578125, -78.38409423828125, -78.384124755859375, -78.38409423828125, -78.39264678955078125, -78.39263916015625, -78.39174652099609375, -78.906158447265625, -87.8026885986328125, -105.95856475830078125, -109.7514495849609375, -113.66208648681640625, -115.58343505859375, -84.25344085693359375, -83.9968719482421875, -144.9689483642578125, -145.94708251953125, -148.1934356689453125, -148.2117156982421875, -133.912322998046875, -133.6437835693359375, -125.3241729736328125, -125.21987152099609375, -125.2283477783203125, -125.23065185546875, -0.00000008138886187226, -0.00000006543996278197, -0.00000028341310098767, -0.00000038863800000399, 0.00000006808841135353, -0.00000049904338084161, -0.00000042017200030386, -0.00000008937786333263, -0.00000183154770638794, -0.00000030738010536879, -0.00000127947714645416, -0.00000001359148882329, -0.00000099343014881015, -0.00000107655068859458, -0.00000050100788939744, 0.00000007059134077281, -0.00000002156593836844, -0.00000378028198611026, 0.00000032402749639005, 0.00000006408663466572, 0.00000039431324694306, -0.00000039784936234355, -0.00000054399424698204, -0.00000728497980162501, -0.00000014978286344558, -80.0349884033203125, -78.8909149169921875, -78.65358734130859375, -78.550872802734375, -98.84769439697265625, -110.6474609375, -104.00593566894552566282, -103.41278076171875, -117.333251953125, -121.96179962158203125, -119.62776947021484375, -116.322174072265625, -116.2839813232421875, -84.48375701904296875, -84.1689300537109375, -145.08563232421875, -145.9814605712890625, -148.2082977294921875, -148.21728515625, -133.913482666015625, -133.64508056640625, -125.325103759765625, -125.21955108642578125, -125.2283782958984375, -125.23070526123046875, -0.00000086556246969849, -0.00000151524727698416, 0.00000005839683581144, -0.00000009936047717929, -0.00000015272235032171, -0.00000008445931598544, -0.00000023373286239803, -0.00000007670314516872, -0.00000020707375369966, 0.00000000311410985887, -0.0000000372965587303, -0.00000029533111955971, -0.00000033251126296818]
roo.roo48.volFraCO2.V=[0., 0., 0., 0., 0., 0., 0., 0., 0., 0., 0., 0., 0., 0., 0., 0., 0., 0.00004025583984912398, 0.00016063066141214222, 0.00029551144689321518, 0.00047835157602094114, 0.0006603061337955296, 0.00075355597073212266, 0.00075595069210976362, 0.00075622712029144168, 0.00075669592479243875, 0.00074897217564284801, 0.00074912782292813063, 0.00077094195876270533, 0.00077123765368014574, 0.00077120930654928088, 0.00077121204230934381, 0.00075736560393124819, 0.00075731013203039765, 0.00077739055268466473, 0.00077735935337841511, 0.00077736383536830544, 0.00077736505772918463, 0.0007559177465736866, 0.0007559177465736866, 0.0007559177465736866, 0.0007559177465736866, 0.0007559177465736866, 0.0007559177465736866, 0.0007559177465736866, 0.0007559177465736866, 0.0007559177465736866, 0.0007559177465736866, 0.0007559177465736866, 0.0007559177465736866, 0.0007559177465736866, 0.0007559177465736866, 0.0007559177465736866, 0.0007559177465736866, 0.0007559177465736866, 0.0007559177465736866, 0.00075591768836602569, 0.00075591768836602569, 0.00075591768836602569, 0.00075591768836602569, 0.00075591768836602569, 0.00075591768836602569, 0.00075591768836602569, 0.00072749331593513489, 0.00071633869083598256, 0.00071154342731460929, 0.00070845196023583412, 0.00074079801561310887, 0.00074928684625774622, 0.00075619178824126699, 0.00075662205927073956, 0.00075662805465981364, 0.0007570388843305409, 0.00075706065399572253, 0.00075696251587942243, 0.00075694895349442959, 0.0007495370227843523, 0.00074954365845769644, 0.00077097630128264427, 0.00077124807285144925, 0.00077121373033151031, 0.00077121367212384939, 0.0007573656621389091, 0.00075731048127636313, 0.00077739049447700381, 0.00077735935337841511, 0.00077736389357596636, 0.00077736505772918463, 0.00075591768836602569, 0.00075591768836602569, 0.00075591768836602569, 0.00075591768836602569, 0.00075591768836602569, 0.00075591768836602569, 0.00075591768836602569, 0.00075591768836602569, 0.00075591768836602569, 0.00075591768836602569, 0.00075591768836602569, 0.00075591768836602569, 0.00075591768836602569]
roo.roo46.volFraCO2.V=[0., 0., 0., 0., 0., 0., 0., 0., 0., 0., 0., 0., 0., 0., 0., 0., 0., 0.00008538214751752148, 0.00034058751771226525, 0.00056238804245367646, 0.00068617193028330803, 0.00075111276237294078, 0.00076218397589400411, 0.00076081120641902089, 0.00075806939275935292, 0.00075855624163523316, 0.00072067172732204199, 0.00071526452666148543, 0.0007810253300704062, 0.00078134686918929219, 0.0007811787654645741, 0.00078118109377101064, 0.00076673412695527077, 0.00076667108805850148, 0.00077329354826360941, 0.00077326298924162984, 0.00077326683094725013, 0.00077326782047748566, 0.00075434421887621284, 0.00075434421887621284, 0.00075434421887621284, 0.00075434421887621284, 0.00075434421887621284, 0.00075434421887621284, 0.00075434421887621284, 0.00075434421887621284, 0.00075434416066855192, 0.00075434416066855192, 0.00075434416066855192, 0.00075434416066855192, 0.00075434416066855192, 0.00075434416066855192, 0.00075434416066855192, 0.00075434416066855192, 0.00075434416066855192, 0.00075434416066855192, 0.00075434416066855192, 0.00075434416066855192, 0.00075434416066855192, 0.00075434416066855192, 0.00075434416066855192, 0.00075434416066855192, 0.00075434416066855192, 0.00072810694109648466, 0.00071730575291439891, 0.00071244931314140558, 0.0007092868909239769, 0.00076254759915173054, 0.00076647597597911954, 0.00075231661321595344, 0.0007504813838750124, 0.00076299119973555207, 0.00076635432196781039, 0.00076255365274846554, 0.00075882137753069401, 0.00075880659278482199, 0.00072100909892469645, 0.00071565213147550821, 0.00078106491127982736, 0.00078135885996744037, 0.00078118388773873448, 0.00078118295641615987, 0.00076673441799357533, 0.00076667155371978879, 0.00077329413034021854, 0.00077326293103396893, 0.00077326688915491104, 0.00077326787868514657, 0.00075434416066855192, 0.00075434416066855192, 0.00075434416066855192, 0.00075434416066855192, 0.00075434416066855192, 0.00075434416066855192, 0.00075434416066855192, 0.00075434416066855192, 0.00075434416066855192, 0.00075434410246089101, 0.00075434410246089101, 0.00075434410246089101, 0.00075434410246089101]
roo.roo47.volFraCO2.V=[0., 0., 0., 0., 0., 0., 0., 0., 0., 0., 0., 0., 0., 0., 0., 0., 0., 0.00002396653871983305, 0.00009577743912814185, 0.00017644227773416787, 0.00028557429322972894, 0.0003974120772909373, 0.00052915752166882157, 0.00066570634953677654, 0.00075271865352988243, 0.00075542833656072617, 0.00074802892049774528, 0.00074813596438616514, 0.00077500409679487348, 0.00077548489207401872, 0.00077536905882880092, 0.00077537016477435827, 0.00075631169602274895, 0.00075604737503454089, 0.00076285674003884196, 0.0007629191386513412, 0.00076292228186503053, 0.00076292321318760514, 0.00075356574961915612, 0.00075356574961915612, 0.00075356574961915612, 0.00075356574961915612, 0.00075356574961915612, 0.00075356574961915612, 0.00075356574961915612, 0.00075356574961915612, 0.00075356574961915612, 0.00075356574961915612, 0.00075356574961915612, 0.00075356574961915612, 0.00075356574961915612, 0.00075356574961915612, 0.00075356574961915612, 0.00075356569141149521, 0.00075356569141149521, 0.00075356569141149521, 0.00075356569141149521, 0.00075356569141149521, 0.00075356569141149521, 0.00075356569141149521, 0.00075356569141149521, 0.00075356569141149521, 0.00075356569141149521, 0.0007323998142965138, 0.00072144309524446726, 0.00071647681761533022, 0.00071323662996292114, 0.0007327957428060472, 0.00074823189061135054, 0.00075384916272014369, 0.0007553485338576138, 0.00075535982614383101, 0.00075579003896564245, 0.0007558174547739327, 0.00075570779154077172, 0.00075569265754893422, 0.00074855593265965581, 0.00074854836566373706, 0.00077504711225628853, 0.00077549717389047146, 0.00077537423931062222, 0.00077537208562716842, 0.0007563097751699388, 0.00075604743324220181, 0.00076285458635538816, 0.00076291937148198485, 0.00076292228186503053, 0.00076292321318760514, 0.00075356569141149521, 0.00075356569141149521, 0.00075356569141149521, 0.00075356569141149521, 0.00075356569141149521, 0.00075356569141149521, 0.00075356569141149521, 0.00075356569141149521, 0.00075356569141149521, 0.00075356569141149521, 0.00075356569141149521, 0.00075356569141149521, 0.00075356569141149521]
roo.roo45.volFraCO2.V=[0., 0., 0., 0., 0., 0., 0., 0., 0., 0., 0., 0., 0., 0., 0., 0., 0., 0.00007094819011399567, 0.000282913853880018, 0.00048293272266164422, 0.00064867624314501882, 0.00074812822276726365, 0.00075704313348978758, 0.00075961922993883491, 0.00075983960414305329, 0.00076027715113013983, 0.00071937177563086152, 0.00071478157769888639, 0.00076027208706364036, 0.00076042622094973922, 0.00076039094710722566, 0.00076039449777454138, 0.00076888152398169041, 0.0007688330952078104, 0.00075174082303419709, 0.00075170048512518406, 0.00075170246418565512, 0.00075170292984694242, 0.00074165681144222617, 0.00074165681144222617, 0.00074165681144222617, 0.00074165681144222617, 0.00074165681144222617, 0.00074165681144222617, 0.00074165681144222617, 0.00074165681144222617, 0.00074165681144222617, 0.00074165681144222617, 0.00074165681144222617, 0.00074165681144222617, 0.00074165681144222617, 0.00074165681144222617, 0.00074165681144222617, 0.00074165681144222617, 0.00074165681144222617, 0.00074165681144222617, 0.00074165681144222617, 0.00074165681144222617, 0.00074165681144222617, 0.00074165681144222617, 0.00074165681144222617, 0.00074165681144222617, 0.00074165681144222617, 0.00072419695788994431, 0.00071470689726993442, 0.00071016908623278141, 0.00070716039044782519, 0.00075350992847234011, 0.00075664807809516788, 0.00075237860437482606, 0.00075199949787929654, 0.00075931887840852141, 0.00076057534897699952, 0.00076059391722083092, 0.00076053774682804942, 0.00076052569784224033, 0.00071973318699747324, 0.00071521749487146735, 0.00076029461342841387, 0.00076043297303840518, 0.00076039379928261042, 0.00076039560372009873, 0.00076888262992724776, 0.0007688335026614368, 0.00075174169614911079, 0.00075170031050220132, 0.00075170246418565512, 0.00075170292984694242, 0.00074165681144222617, 0.00074165681144222617, 0.00074165681144222617, 0.00074165681144222617, 0.00074165681144222617, 0.00074165681144222617, 0.00074165681144222617, 0.00074165681144222617, 0.00074165681144222617, 0.00074165681144222617, 0.00074165681144222617, 0.00074165681144222617, 0.00074165681144222617]
roo.roo50.volFraCO2.V=[0., 0., 0., 0., 0., 0., 0., 0., 0., 0., 0., 0., 0., 0., 0., 0., 0., 0.00002005849273700746, 0.00008075471851043403, 0.00016476506425533444, 0.00033857769449241459, 0.00050460721831768751, 0.0006253022002056241, 0.00073211098788306117, 0.00075183814624324441, 0.00075259699951857328, 0.00077358668204396963, 0.00077412213431671262, 0.0007474066223949194, 0.00074743939330801368, 0.00075382745126262307, 0.00075390981510281563, 0.00075331103289499879, 0.00075323320925235748, 0.000744487508200109, 0.00074397481512278318, 0.00074397074058651924, 0.00074397103162482381, 0.00074131070869043469, 0.00074131070869043469, 0.00074131070869043469, 0.00074131070869043469, 0.00074131070869043469, 0.00074131070869043469, 0.00074131070869043469, 0.00074131070869043469, 0.00074131070869043469, 0.00074131070869043469, 0.00074131070869043469, 0.00074131070869043469, 0.00074131070869043469, 0.00074131070869043469, 0.00074131070869043469, 0.00074131070869043469, 0.00074131070869043469, 0.00074131070869043469, 0.00074131070869043469, 0.00074131070869043469, 0.00074131070869043469, 0.00074131070869043469, 0.00074131070869043469, 0.00074131070869043469, 0.00074131070869043469, 0.00073097535641863942, 0.00072218745481222868, 0.00071772985393181443, 0.00071475899312645197, 0.00073183607310056686, 0.0007499121711589396, 0.00076613039709627585, 0.00077270559268072248, 0.00076170754618942738, 0.00075304968049749732, 0.00075300486059859395, 0.00075292016845196486, 0.00075289903907105327, 0.0007744885515421629, 0.0007749290089122951, 0.00074745580786839128, 0.00074744719313457608, 0.00075382849900051951, 0.00075391138670966029, 0.0007533114985562861, 0.00075323355849832296, 0.00074449105886742473, 0.0007439727196469903, 0.00074397062417119741, 0.00074397103162482381, 0.00074131070869043469, 0.00074131070869043469, 0.00074131070869043469, 0.00074131070869043469, 0.00074131070869043469, 0.00074131070869043469, 0.00074131070869043469, 0.00074131070869043469, 0.00074131070869043469, 0.00074131070869043469, 0.00074131070869043469, 0.00074131070869043469, 0.00074131070869043469]
roo.roo49.volFraCO2.V=[0., 0., 0., 0., 0., 0., 0., 0., 0., 0., 0., 0., 0., 0., 0., 0., 0., 0.00006444300379371311, 0.00025555235333740711, 0.00051585730398073792, 0.0007400327012874186, 0.00074048980604857206, 0.00075034500332549214, 0.00075359875336289406, 0.0007539066718891263, 0.00075434712925925851, 0.00075405597453936934, 0.0007542381645180285, 0.00074698979733511806, 0.00074722175486385822, 0.00075650541111826897, 0.0007565072737634182, 0.0007549698930233717, 0.00075492559699341655, 0.0007476910250261426, 0.00074766232864931226, 0.0007476651226170361, 0.00074766587931662798, 0.0007345578633248806, 0.0007345578633248806, 0.0007345578633248806, 0.0007345578633248806, 0.0007345578633248806, 0.0007345578633248806, 0.0007345578633248806, 0.0007345578633248806, 0.0007345578633248806, 0.0007345578633248806, 0.0007345578633248806, 0.0007345578633248806, 0.0007345578633248806, 0.0007345578633248806, 0.0007345578633248806, 0.0007345578633248806, 0.0007345578633248806, 0.0007345578633248806, 0.0007345578633248806, 0.0007345578633248806, 0.0007345578633248806, 0.0007345578633248806, 0.0007345578633248806, 0.0007345578633248806, 0.0007345578633248806, 0.00071546074468642473, 0.0007055383175611496, 0.00070116412825882435, 0.00069819018244743347, 0.00074054603464901447, 0.00074063224019482732, 0.00075446290429681529, 0.00075428868876770139, 0.00075430568540468812, 0.00075467070564627647, 0.00075468665454536676, 0.00075459765503183007, 0.00075458502396941185, 0.00075472280150279403, 0.00075470964657142758, 0.00074701441917568445, 0.00074722897261381149, 0.00075650867074728012, 0.00075650849612429738, 0.00075497047509998083, 0.00075492594623938203, 0.00074769125785678625, 0.00074766227044165134, 0.0007476651226170361, 0.00074766587931662798, 0.0007345578633248806, 0.0007345578633248806, 0.0007345578633248806, 0.0007345578633248806, 0.0007345578633248806, 0.0007345578633248806, 0.0007345578633248806, 0.0007345578633248806, 0.0007345578633248806, 0.0007345578633248806, 0.0007345578633248806, 0.0007345578633248806, 0.0007345578633248806]
roo.roo45.con.CO2Set=[0.000699999975040555, 0.000699999975040555]
