last-generated=2016-10-03
statistics-initialization=
{
  "numerical Jacobians": "0", 
  "nonlinear": "5, 11, 1"
}
statistics-simulation=
{
  "numerical Jacobians": "0", 
  "nonlinear": "11, 0", 
  "number of continuous time states": "31", 
  "linear": "0, 0, 0, 0, 0, 0, 0"
}
temRet.T=[293.149993896484375, 333.1845703125, 333.171356201171875, 333.162811279296875, 333.157318115234375, 334.066009521484375, 338.9317626953125, 343.871063232421875, 348.8062744140625, 342.86962890625, 338.179351806640625, 343.081024169921875, 348.017578125, 352.964080810546875, 337.451202392578125, 342.302032470703125, 347.229736328125, 336.03631591796829525265, 337.038787841796875, 347.7320556640625, 345.318267822265625, 342.344512939453125, 353.215789794921875, 338.097564697265625, 348.555419921875, 343.3251953125, 343.0018310546875, 353.74163818359375, 338.56692504882829553026, 349.18658447265625, 341.371734619140625, 343.668304443359375, 354.271087646484375, 339.001251220703125, 349.82034301757823868684, 339.36849975585982974735, 344.35821533203125, 354.686309814453125, 338.842315673828125, 342.771392822265625, 347.61358642578125, 352.57318115234375, 336.91778564453125, 341.919097900390625, 346.83819580078125, 351.781585693359375, 336.1595458984375, 341.11395263671875, 346.048370361328125, 350.990997314453125, 335.73785400390625, 340.334930419921875, 345.26043701171875, 350.200286865234375, 334.12286376953125, 339.57882690429693184342, 344.47940063476568184342, 349.41137695312494315658, 334.093902587890625, 338.707366943359375, 343.68377685546875, 348.617462158203125, 348.50714111328125, 338.037109375, 342.887176513671875, 347.82733154296875, 352.77203369140625, 339.295166015625, 337.50335693359409106051, 348.54614257812465893949, 342.82034301757892080786, 343.156890869140625, 353.863983154296875, 338.6663818359375, 349.336578369140625, 340.85040283203125, 343.846893310546875, 354.411895751953125, 339.12274169921875, 349.978057861328125, 338.792144775390625, 344.556640625, 354.583740234375, 339.617218017578125, 350.563720703125, 336.934173583984375, 345.249755859375, 353.15850830078125, 339.696258544921875, 343.519744873046875, 348.36590576171875, 353.32470703125, 337.84210205078125, 342.65155029296875, 347.589508056640625, 352.533355712890625, 336.860382080078125, 341.87835693359375, 346.798828125, 351.740966796875, 336.145233154296875]
TOut.T=[263.149993896484375, 263.149993896484375]
temSup.T=[293.149993896484375, 309.119720458984375, 315.822509765625, 319.339996337890625, 321.203338623046875, 321.712615966796875, 321.532958984375, 321.53131103515625, 321.532379150390625, 321.091094970703125, 321.5736083984375, 321.531951904296875, 321.532745361328125, 321.5323486328125, 321.4627685546875, 321.53680419921875, 321.53326416015625, 319.63800048828130684342, 317.75128173828125, 316.6644287109375, 316.618133544921875, 317.032379150390625, 317.03216552734375, 317.289703369140625, 316.72528076171875, 316.61962890625, 316.95867919921875, 317.055816650390625, 317.294677734375, 316.75091552734375, 316.58209228515625, 316.892547607421875, 317.06964111328125, 317.338348388671875, 316.788055419921875, 316.5750732421875, 316.83233642578125, 317.059844970703125, 320.307952880859375, 321.577117919921875, 321.53448486328125, 321.53094482421875, 321.48712158203125, 321.531524658203125, 321.532379150390625, 321.532379150390625, 321.66802978515625, 321.53057861328125, 321.53228759765625, 321.532318115234375, 321.364776611328125, 321.54736328125, 321.53424072265625, 321.53271484375, 321.577056884765625, 321.51190185546875, 321.531585693359375, 321.533050537109375, 321.893646240234375, 321.544891357421875, 321.530120849609375, 321.533050537109375, 321.23004150390625, 321.554107666015625, 321.534820556640625, 321.53253173828125, 321.532318115234375, 319.433868408203125, 317.69393920898431815658, 316.6806640625, 316.61407470703130684342, 316.94091796875, 317.059967041015625, 317.307037353515625, 316.755950927734375, 316.576904296875, 316.8765869140625, 317.071807861328125, 317.3358154296875, 316.794769287109375, 316.577972412109375, 316.816162109375, 317.02679443359375, 317.29901123046875, 316.842620849609375, 316.605621337890625, 316.766937255859375, 316.814239501953125, 320.24774169921875, 321.582763671875, 321.53521728515625, 321.532958984375, 321.51458740234375, 321.53662109375, 321.53228759765625, 321.5323486328125, 321.496368408203125, 321.530364990234375, 321.53106689453125, 321.532318115234375, 321.666778564453125]
time=[0., 172800.]
boi.vol.T=[293.149993896484375, 343.22393798828125, 343.21002197265625, 343.20135498046875, 343.19573974609375, 344.128173828125, 348.772003173828125, 353.710174560546875, 358.646209716796875, 348.800872802734375, 348.059661865234375, 352.920684814453125, 357.85791015625, 362.8038330078125, 347.22705078125, 352.14666748046875, 357.0706787109375, 343.75720214843710209607, 346.36767578125, 356.089996337890625, 350.15496826171875, 351.012969970703125, 361.93475341796875, 347.0244140625, 356.980987548828125, 348.1656494140625, 351.60284423828125, 362.4791259765625, 347.48730468750011368684, 357.641204833984375, 346.176361083984375, 352.210693359375, 363.0174560546875, 347.95977783203125, 358.31280517578142053026, 344.16827392578176159077, 352.847869873046875, 360.86822509765625, 347.538177490234375, 352.6572265625, 357.455078125, 362.411590576171875, 346.712158203125, 351.758880615234375, 356.678253173828125, 361.621429443359375, 346.128448486328125, 350.952178955078125, 355.888336181640625, 360.830810546875, 345.42706298828125, 350.189605712890625, 355.102294921875, 360.040496826171875, 343.979461669921875, 349.40045166015630684342, 354.31903076171880684342, 359.25198364257806815658, 344.254791259765625, 348.557830810546875, 353.5218505859375, 358.45806884765625, 354.540374755859375, 347.900390625, 352.7294921875, 357.66754150390625, 362.611785888671875, 346.819000244140625, 346.77420043945340921709, 356.92745971679659078291, 347.65603637695420502496, 351.741607666015625, 362.604400634765625, 347.59686279296875, 357.797027587890625, 345.65069580078125, 352.375152587890625, 363.0887451171875, 348.07855224609375, 358.47821044921875, 343.594818115234375, 353.032318115234375, 360.178466796875, 348.53472900390625, 359.111236572265625, 344.333343505859375, 353.6842041015625, 358.07562255859375, 348.341339111328125, 353.41107177734375, 358.2081298828125, 362.42877197265625, 347.6688232421875, 352.49566650390625, 357.42950439453125, 362.37310791015625, 346.663116455078125, 351.717071533203125, 356.637664794921875, 361.58074951171875, 346.113739013671875]
vol.T_start=[293.149993896484375, 293.149993896484375]
vol.T=[293.149993896484375, 283.443450927734375, 287.97589111328125, 290.43621826171875, 291.7440185546875, 292.24658203125, 292.263946533203125, 292.26348876953125, 292.26312255859375, 292.2545166015625, 292.25994873046875, 292.263519287109375, 292.263153076171875, 292.262939453125, 292.2694091796875, 292.263031005859375, 292.263092041015625, 292.232421875, 292.519500732421875, 292.61175537109375, 292.576507568359375, 292.58819580078125, 292.5777587890625, 292.548858642578125, 292.604522705078125, 292.574310302734375, 292.59423828125, 292.57647705078125, 292.54998779296875, 292.601348876953125, 292.5716552734375, 292.5994873046875, 292.576019287109375, 292.55291748046875, 292.597320556640625, 292.568206787109375, 292.60369873046875, 292.57623291015625, 292.362030029296875, 292.25860595703125, 292.263153076171875, 292.263092041015625, 292.26898193359375, 292.263458251953125, 292.263214111328125, 292.26300048828125, 292.25225830078125, 292.26385498046875, 292.263275146484375, 292.263031005859375, 292.27569580078125, 292.262298583984375, 292.263153076171875, 292.263031005859375, 292.2647705078125, 292.265228271484375, 292.263336181640625, 292.263031005859375, 292.216094970703125, 292.263275146484375, 292.263580322265625, 292.2630615234375, 292.261199951171875, 292.26116943359375, 292.2633056640625, 292.26312255859375, 292.262969970703125, 292.274383544921875, 292.5296630859375, 292.60882568359375, 292.5732421875, 292.5955810546875, 292.5762939453125, 292.55047607421875, 292.600738525390625, 292.57073974609375, 292.600677490234375, 292.57598876953125, 292.5538330078125, 292.59686279296875, 292.567047119140625, 292.604705810546875, 292.576385498046875, 292.558013916015625, 292.59246826171875, 292.562744140625, 292.607421875, 292.577178955078125, 292.365203857421875, 292.258026123046875, 292.263031005859375, 292.262908935546875, 292.264312744140625, 292.26312255859375, 292.263153076171875, 292.262969970703125, 292.268341064453125, 292.263580322265625, 292.2633056640625, 292.26300048828125, 292.2520751953125]
