last-generated=2016-10-03
statistics-simulation=
{
  "numerical Jacobians": "0", 
  "nonlinear": "1", 
  "number of continuous time states": "1", 
  "linear": "0"
}
tow.sta_b.T=[293.149993896484375, 289.54998779296875, 289.342010498046875, 289.19757080078125, 290.029998779296875, 290.75, 294.86505126953125, 295.914642333984375, 297.17401123046875, 299.686370849609375, 302.95001220703125, 307.8851318359375, 306.84783935546875, 304.144744873046875, 301.51837158203125, 300.75, 299.514923095703125, 294.087890625, 292.85699462890625, 291.558807373046875, 290.363311767578125, 289.477020263671875, 287.989654541015625, 286.518524169921875, 286.770721435546875, 287.75, 288.3929443359375, 290.79083251953125, 292.897674560546875, 293.3082275390625, 293.149993896484375, 292.95001220703125, 292.95001220703125, 293.043609619140625, 291.9307861328125, 290.350006103515625, 289.191619873046875, 288.53564453125, 288.060089111328125, 287.95001220703125, 287.95001220703125, 287.93560791015625, 287.670013427734375, 287.49200439453125, 287.6954345703125, 288.850006103515625, 289.442474365234375, 291.649993896484375, 293.45001220703125, 294.41693115234375, 294.75, 295.083343505859375, 294.12982177734375, 293.30816650390625, 291.910003662109375, 290.350006103515625, 289.1920166015625, 288.535736083984375, 288.060089111328125, 287.95001220703125, 287.95001220703125, 287.966522216796875, 288.1453857421875, 288.338134765625, 288.45001220703125, 288.45001220703125, 288.4515380859375, 289.242462158203125, 289.8692626953125, 290.6300048828125, 291.25, 291.80999755859375, 291.57000732421875, 291.329986572265625, 290.7166748046875, 289.75, 289.10693359375, 288.52972412109375, 288.08758544921875, 287.848785400390625, 287.57818603515625, 287.362457275390625, 287.6300048828125, 287.7919921875, 288.18255615234375, 288.649993896484375, 288.877960205078125, 290.8699951171875, 292.42999267578125, 293.518218994140625, 294.45001220703125, 295.137481689453125, 294.6300048828125, 294.3192138671875, 293.170013427734375, 291.850006103515625, 290.75, 290.75, 290.75, 290.4755859375, 288.850006103515625]
tow.sta_a.T=[293.149993896484375, 289.54998779296875, 294.241180419921875, 289.19757080078125, 295.49365234375, 294.929229736328125, 296.70361328125, 298.284393310546875, 299.261993408203125, 301.589202880859375, 304.651824951171875, 309.463165283203125, 310.008575439453125, 307.14068603515625, 304.668212890625, 303.3997802734375, 302.604400634765625, 297.157318115234375, 295.647857666015625, 294.378662109375, 290.363311767578125, 289.477020263671875, 287.989654541015625, 293.66058349609375, 294.61883544921875, 296.90008544921875, 288.3929443359375, 295.543243408203125, 294.919464111328125, 295.901763916015625, 295.69439697265625, 295.4814453125, 295.4627685546875, 295.516693115234375, 294.8193359375, 293.22259521484375, 289.191619873046875, 288.53564453125, 295.940277099609375, 287.95001220703125, 287.95001220703125, 293.845947265625, 296.82958984375, 287.49200439453125, 287.6954345703125, 293.90673828125, 289.442474365234375, 293.864227294921875, 295.5491943359375, 296.856719970703125, 297.1796875, 297.61480712890625, 296.8636474609375, 295.97991943359375, 294.775604248046875, 293.221954345703125, 289.1920166015625, 288.535736083984375, 295.934478759765625, 287.95001220703125, 287.95001220703125, 293.84881591796875, 288.1453857421875, 288.338134765625, 293.59326171875, 288.45001220703125, 288.4515380859375, 294.742218017578125, 289.8692626953125, 293.211395263671875, 293.6300048828125, 294.303924560546875, 294.136810302734375, 293.897796630859375, 293.439361572265625, 293.520782470703125, 289.10693359375, 288.52972412109375, 296.27880859375, 287.848785400390625, 287.57818603515625, 287.362457275390625, 294.911468505859375, 287.7919921875, 288.18255615234375, 293.760833740234375, 288.877960205078125, 295.181365966796875, 294.6112060546875, 295.86016845703125, 296.74237060546875, 297.59423828125, 297.23382568359375, 296.897979736328125, 295.9796142578125, 294.666107177734375, 293.36212158203125, 293.2637939453125, 293.26251220703125, 290.4755859375, 294.081451416015625]
tow.TAir=[287.54998779296875, 287.54998779296875, 287.342010498046875, 287.319610595703125, 288.029998779296875, 288.75, 292.86505126953125, 293.914642333984375, 295.17401123046875, 297.686370849609375, 300.95001220703125, 305.8851318359375, 304.84783935546875, 302.144744873046875, 299.51837158203125, 298.75, 297.514923095703125, 292.087890625, 290.85699462890625, 289.558807373046875, 288.350006103515625, 287.149993896484375, 285.923858642578125, 284.518524169921875, 284.770721435546875, 285.75, 286.728912353515625, 288.79083251953125, 290.897674560546875, 291.3082275390625, 291.149993896484375, 290.95001220703125, 290.95001220703125, 291.043609619140625, 289.9307861328125, 288.350006103515625, 286.8519287109375, 286.530487060546875, 286.060089111328125, 285.95001220703125, 285.95001220703125, 285.93560791015625, 285.670013427734375, 285.42999267578125, 285.86968994140625, 286.850006103515625, 287.850006103515625, 289.649993896484375, 291.45001220703125, 292.41693115234375, 292.75, 293.083343505859375, 292.12982177734375, 291.30816650390625, 289.910003662109375, 288.350006103515625, 286.8519287109375, 286.530487060546875, 286.060089111328125, 285.95001220703125, 285.95001220703125, 285.966522216796875, 286.19158935546875, 286.39239501953125, 286.45001220703125, 286.45001220703125, 286.495941162109375, 287.242462158203125, 287.910003662109375, 288.6300048828125, 289.25, 289.80999755859375, 289.57000732421875, 289.329986572265625, 288.7166748046875, 287.75, 286.948394775390625, 286.52960205078125, 286.08758544921875, 285.790008544921875, 285.54998779296875, 285.364410400390625, 285.6300048828125, 285.8699951171875, 286.272125244140625, 286.649993896484375, 287.30999755859375, 288.8699951171875, 290.42999267578125, 291.518218994140625, 292.45001220703125, 293.137481689453125, 292.6300048828125, 292.3192138671875, 291.170013427734375, 289.850006103515625, 288.75, 288.75, 288.75, 288.0703125, 286.850006103515625]
time=[15552000., 15984000.]
tow.Q_flow=[0., 0., -10249.0673828125, 0., -11429.9443359375, -8742.923828125, -3846.237548828125, -4957.56396484375, -4368.07568359375, -3980.672119140625, -3560.208740234375, -3301.272216796875, -6612.2607421875, -6267.48828125, -6589.45458984375, -5543.35546875, -6463.23193359375, -6421.2255859375, -5838.50537109375, -5899.1259765625, 0., 0., 0., -14941.15625, -16418.291015625, -19141.94921875, 0., -9942.078125, -4229.564453125, -5425.66064453125, -5322.86083984375, -5295.806640625, -5256.728515625, -5173.7314453125, -6042.80712890625, -6009.45361328125, 0., 0., -16485.36328125, 0., 0., -12364.4228515625, -19161.85546875, 0., 0., -10578.7275390625, 0., -4632.1376953125, -4391.5078125, -5104.05078125, -5082.9345703125, -5295.82177734375, -5719.14013671875, -5589.3017578125, -5994.8603515625, -6008.13671875, 0., 0., -16473.259765625, 0., 0., -12305.7255859375, 0., 0., -10759.7001953125, 0., 0., -11505.5009765625, 0., -5400.30908203125, -4978.9921875, -5217.27587890625, -5369.7666015625, -5371.8251953125, -5695.908203125, -7888.48828125, 0., 0., -17135.984375, 0., 0., 0., -15232.8447265625, 0., 0., -10691.88671875, 0., -9019.40234375, -4563.09130859375, -4899.31103515625, -4795.6552734375, -5139.5888671875, -5447.216796875, -5394.80419921875, -5877.69775390625, -5891.32373046875, -5464.5263671875, -5258.85888671875, -5256.1884765625, 0., -10944.1796875]
tow.m_flow=[0., 0., 0.5, 0., 0.5, 0.5, 0.5, 0.5, 0.5, 0.5, 0.5, 0.5, 0.5, 0.5, 0.5, 0.5, 0.5, 0.5, 0.5, 0.5, 0., 0., 0., 0.5, 0.5, 0.5, 0., 0.5, 0.5, 0.5, 0.5, 0.5, 0.5, 0.5, 0.5, 0.5, 0., 0., 0.5, 0., 0., 0.5, 0.5, 0., 0., 0.5, 0., 0.5, 0.5, 0.5, 0.5, 0.5, 0.5, 0.5, 0.5, 0.5, 0., 0., 0.5, 0., 0., 0.5, 0., 0., 0.5, 0., 0., 0.5, 0., 0.5, 0.5, 0.5, 0.5, 0.5, 0.5, 0.5, 0., 0., 0.5, 0., 0., 0., 0.5, 0., 0., 0.5, 0., 0.5, 0.5, 0.5, 0.5, 0.5, 0.5, 0.5, 0.5, 0.5, 0.5, 0.5, 0.5, 0., 0.5]
onOffController.u=[295.149993896484375, 295.149993896484375]
onOffController.reference=[293.149993896484375, 296.172760009765625, 294.23822021484375, 295.3194580078125, 295.490692138671875, 294.92626953125, 296.700653076171875, 298.281463623046875, 299.259063720703125, 301.58624267578125, 304.648895263671875, 309.460235595703125, 310.005645751953125, 307.137725830078125, 304.665283203125, 303.3968505859375, 302.601470947265625, 297.154388427734375, 295.644927978515625, 294.375701904296875, 293.2708740234375, 296.117462158203125, 293.688568115234375, 293.657623291015625, 294.61590576171875, 296.897125244140625, 295.416107177734375, 295.540313720703125, 294.916534423828125, 295.898834228515625, 295.691436767578125, 295.478515625, 295.4598388671875, 295.513763427734375, 294.81640625, 293.219635009765625, 295.953369140625, 293.310516357421875, 295.937347412109375, 295.938446044921875, 294.255523681640625, 293.842987060546875, 296.82666015625, 295.9630126953125, 294.7359619140625, 293.90380859375, 295.67535400390625, 293.86126708984375, 295.5462646484375, 296.853790283203125, 297.1767578125, 297.611846923828125, 296.8607177734375, 295.97698974609375, 294.772674560546875, 293.219024658203125, 295.956298828125, 293.313323974609375, 295.931549072265625, 295.94110107421875, 294.2581787109375, 293.84588623046875, 297.070159912109375, 295.014251708984375, 293.59033203125, 296.97259521484375, 294.6475830078125, 294.739288330078125, 293.76593017578125, 293.208465576171875, 293.6270751953125, 294.30096435546875, 294.133880615234375, 293.894866943359375, 293.436431884765625, 293.517852783203125, 295.86883544921875, 293.154296875, 296.275848388671875, 295.817901611328125, 294.429107666015625, 293.28350830078125, 294.908538818359375, 296.68963623046875, 294.923736572265625, 293.757904052734375, 296.467437744140625, 295.178436279296875, 294.6082763671875, 295.857208251953125, 296.73944091796875, 297.59130859375, 297.23089599609375, 296.895050048828125, 295.976654052734375, 294.663177490234375, 293.359161376953125, 293.2608642578125, 293.25958251953125, 296.30926513671875, 294.0784912109375]
