last-generated=2016-10-03
statistics-initialization=
{
  "numerical Jacobians": "0", 
  "nonlinear": "15"
}
statistics-simulation=
{
  "numerical Jacobians": "0", 
  "nonlinear": "13, 1, 1, 1, 1", 
  "number of continuous time states": "28", 
  "linear": "0, 0, 0, 0, 0"
}
roo.air.vol.T=[295.149993896484375, 292.57757568359375, 292.42364501953125, 292.303802490234375, 292.19451904296875, 292.09716796875, 292.010650634765625, 291.911895751953125, 291.79315185546875, 291.686798095703125, 291.59088134765625, 291.50103759765625, 291.4129638671875, 291.322296142578125, 291.224639892578125, 291.1285400390625, 291.108612060546875, 291.381378173828125, 291.75213623046875, 292.129150390625, 292.513214111328125, 292.949859619140625, 293.39044189453125, 293.72821044921875, 293.925140380859375, 293.878997802734375, 293.6392822265625, 293.47021484375, 293.314666748046875, 293.227996826171875, 293.15301513671875, 292.996307373046875, 292.809539794921875, 292.62969970703125, 292.471435546875, 292.34942626953125, 292.2447509765625, 292.112274169921875, 291.961639404296875, 291.803009033203125, 291.65399169921875, 291.550872802734375, 291.47247314453125, 291.418975830078125, 291.3712158203125, 291.250152587890625, 291.12164306640625, 291.026885986328125, 290.921051025390625, 290.834991455078125, 290.758056640625, 290.644805908203125, 290.518829345703125, 290.4422607421875, 290.39105224609375, 290.320220947265625, 290.238067626953125, 290.17510986328125, 290.128570556640625, 290.09283447265625, 290.06427001953125, 290.023193359375, 289.968109130859375, 289.91900634765625, 289.889190673828125, 289.85308837890625, 289.811737060546875, 289.786163330078125, 289.789398193359375, 289.825225830078125, 289.881805419921875, 289.911865234375, 289.932861328125, 289.96075439453125, 290.01153564453125, 290.06890869140625, 290.12652587890625, 290.194091796875, 290.16534423828125, 290.015045166015625, 289.930633544921875, 289.86163330078125, 289.773101806640625, 289.70111083984375, 289.6199951171875, 289.52044677734375, 289.438873291015625, 289.361480712890625, 289.31103515625, 289.285736083984375, 289.257415771484375, 289.221282958984375, 289.186798095703125, 289.15399169921875, 289.12261962890625, 289.0975341796875, 289.0726318359375, 289.031341552734375, 288.9793701171875, 288.90008544921875, 288.814605712890625]
roo.weaBus.TDryBul=[260.95001220703125, 260.867645263671875, 260.93426513671875, 261.153564453125, 261.40643310546875, 261.691741943359375, 261.986602783203125, 262.101104736328125, 262.02996826171875, 262.211181640625, 262.5067138671875, 262.54998779296875, 262.54998779296875, 262.54998779296875, 262.54998779296875, 262.587554931640625, 262.890106201171875, 263.27764892578125, 263.746063232421875, 264.46923828125, 265.589202880859375, 266.58599853515625, 267.402008056640625, 268.217987060546875, 269.03399658203125, 269.850006103515625, 270.45587158203125, 270.90692138671875, 271.553253173828125, 272.036468505859375, 272.04998779296875, 272.04998779296875, 272.04998779296875, 272.04998779296875, 272.04998779296875, 272.04998779296875, 271.967559814453125, 271.616485595703125, 271.3160400390625, 271.072998046875, 271.007659912109375, 271.73651123046875, 272.0211181640625, 271.622711181640625, 271.485992431640625, 271.877532958984375, 272.02783203125, 271.7281494140625, 271.43621826171875, 271.447418212890625, 271.45001220703125, 270.406707763671875, 269.270416259765625, 269.675384521484375, 270.33697509765625, 270.148712158203125, 269.861602783203125, 269.929931640625, 270.210601806640625, 270.865753173828125, 271.83941650390625, 272.10076904296875, 272.018341064453125, 272.1641845703125, 272.43658447265625, 272.565704345703125, 272.480224609375, 272.64599609375, 272.933990478515625, 273.22198486328125, 273.510009765625, 273.81060791015625, 274.46356201171875, 274.850006103515625, 274.850006103515625, 274.850006103515625, 274.850006103515625, 274.850006103515625, 274.278656005859375, 273.25982666015625, 272.745880126953125, 272.534820556640625, 272.903228759765625, 273.61907958984375, 273.848876953125, 273.816558837890625, 273.444549560546875, 272.66290283203125, 272.744842529296875, 273.461639404296875, 273.85076904296875, 274.079010009765625, 274.34466552734375, 274.63348388671875, 274.920440673828125, 275.1761474609375, 275.335906982421875, 274.09442138671875, 273.149993896484375, 273.149993896484375, 273.149993896484375]
time=[0., 172800.]
