last-generated=2016-03-21
statistics-initialization=
{
  "numerical Jacobians": "0", 
  "nonlinear": "1, 1, 2, 1, 1, 1, 8, 1, 1, 14, 1, 1, 14, 14, 14, 1, 1", 
  "linear": "0, 0, 0, 0"
}
statistics-simulation=
{
  "numerical Jacobians": "0", 
  "nonlinear": "1, 1, 1, 2, 1, 1, 1, 8, 1, 0, 14, 1, 0, 14, 1, 1, 14, 1, 14, 0, 0, 1", 
  "number of continuous time states": "199", 
  "linear": "0, 0, 0, 0, 0, 0, 0, 0, 0, 0, 0, 0, 0, 0, 0, 0, 0, 0"
}
flo.wes.air.vol.T=[293.149993896484375, 291.9754638671875, 291.79327392578125, 291.686676025390625, 291.60888671875, 291.54998779296875, 291.530975341796875, 291.444793701171875, 291.303680419921875, 291.193572998046875, 291.075592041015625, 291.02154541015625, 293.083465576171875, 293.18524169921875, 293.15301513671875, 293.15191650390625, 293.152984619140625, 293.18048095703125, 293.17529296875, 293.16455078125, 293.104888916015625, 293.153411865234375, 293.15484619140625, 293.152130126953125, 293.15277099609375, 293.15277099609375, 293.152587890625, 293.1563720703125, 293.144012451171875, 293.158538818359375, 293.155120849609375, 293.15374755859375, 293.15631103515625, 293.163787841796875, 293.205322265625, 293.15069580078125, 293.146728515625, 293.0955810546875, 293.12969970703125, 293.150848388671875, 292.835235595703125, 292.839263916015625, 292.78704833984375, 292.753997802734375, 292.755889892578125, 292.669769287109375, 292.559478759765625, 292.467071533203125, 292.375, 292.294097900390625, 292.219390869140625, 292.13555908203125, 292.0487060546875, 291.97808837890625, 291.90509033203125, 291.839019775390625, 291.773712158203125, 291.72247314453125, 291.677215576171875, 291.641632080078125, 291.587615966796875, 291.52496337890625, 293.279876708984375, 293.1744384765625, 293.1624755859375, 293.15423583984375, 293.152435302734375, 293.177398681640625, 293.181793212890625, 293.16754150390625, 293.15350341796875, 293.154144287109375, 293.1552734375, 293.154449462890625, 293.15478515625, 293.150970458984375, 293.149261474609375, 293.15423583984375, 293.151153564453125, 293.15069580078125, 293.15032958984375, 293.14892578125, 293.149261474609375, 293.15521240234375, 293.149383544921875, 293.148162841796875, 293.146728515625, 293.14923095703125, 293.1356201171875, 293.141845703125, 292.827056884765625, 292.751800537109375, 292.678924560546875, 292.604400634765625, 292.532745361328125, 292.490325927734375, 292.472900390625, 292.44561767578125, 292.44287109375, 292.376190185546875, 292.131805419921875]
time=[0., 172800.]
flo.sou.air.vol.T=[293.149993896484375, 292.256134033203125, 292.093414306640625, 291.985198974609375, 291.83380126953125, 291.709259033203125, 291.626007080078125, 291.50787353515625, 291.33502197265625, 291.222503662109375, 291.19329833984375, 291.059539794921875, 293.024169921875, 293.1317138671875, 293.112152099609375, 293.145111083984375, 293.2130126953125, 293.2933349609375, 293.240264892578125, 293.16900634765625, 293.160186767578125, 293.184600830078125, 293.182373046875, 293.29217529296875, 293.501708984375, 293.564605712890625, 293.41851806640625, 293.42236328125, 293.678009033203125, 293.904998779296875, 294.023834228515625, 293.945526123046875, 293.797760009765625, 293.68475341796875, 293.624298095703125, 293.672027587890625, 293.5797119140625, 293.434967041015625, 293.303985595703125, 293.142852783203125, 293.18414306640625, 293.100006103515625, 293.10687255859375, 293.2890625, 293.274139404296875, 293.166351318359375, 292.801544189453125, 292.67376708984375, 292.56024169921875, 292.47576904296875, 292.397705078125, 292.31561279296875, 292.26275634765625, 292.118194580078125, 291.978302001953125, 291.916229248046875, 291.846771240234375, 291.838714599609375, 291.9178466796875, 291.852569580078125, 291.5526123046875, 291.50262451171875, 293.296417236328125, 293.1724853515625, 293.161407470703125, 293.155029296875, 293.1475830078125, 293.178436279296875, 293.201171875, 293.172576904296875, 293.157989501953125, 293.15557861328125, 293.154205322265625, 293.155517578125, 293.165618896484375, 293.256500244140625, 293.1527099609375, 293.151580810546875, 293.15203857421875, 293.147857666015625, 293.15087890625, 293.150604248046875, 293.149993896484375, 293.167999267578125, 293.16033935546875, 292.939117431640625, 293.164794921875, 293.1805419921875, 293.126800537109375, 293.132843017578125, 292.6844482421875, 292.581634521484375, 292.49078369140625, 292.4302978515625, 292.417022705078125, 292.5111083984375, 292.54681396484375, 292.51416015625, 292.504180908203125, 292.400909423828125, 292.3170166015625]
flo.cor.air.vol.T=[293.149993896484375, 292.59295654296875, 292.389373779296875, 292.280181884765625, 292.1881103515625, 292.09832763671875, 292.03436279296875, 291.95721435546875, 291.84161376953125, 291.735504150390625, 291.65673828125, 291.5772705078125, 293.227142333984375, 293.145294189453125, 293.15283203125, 293.151458740234375, 293.1507568359375, 293.18194580078125, 293.14984130859375, 293.402191162109375, 293.452667236328125, 293.484588623046875, 293.51239013671875, 293.5489501953125, 293.592620849609375, 293.6224365234375, 293.511627197265625, 293.520904541015625, 293.793792724609375, 293.837860107421875, 293.86883544921875, 293.8729248046875, 293.878814697265625, 293.88604736328125, 293.897857666015625, 293.8994140625, 293.824676513671875, 293.58807373046875, 293.312713623046875, 293.147064208984375, 293.447845458984375, 293.46124267578125, 293.398529052734375, 293.36224365234375, 293.359039306640625, 293.275238037109375, 293.14251708984375, 293.042449951171875, 292.94342041015625, 292.854461669921875, 292.773529052734375, 292.692352294921875, 292.61053466796875, 292.529937744140625, 292.4415283203125, 292.371978759765625, 292.30279541015625, 292.24700927734375, 292.19549560546875, 292.152618408203125, 292.077484130859375, 292.012481689453125, 293.454864501953125, 293.182281494140625, 293.152099609375, 293.15081787109375, 293.150360107421875, 293.18304443359375, 293.141021728515625, 293.47314453125, 293.51739501953125, 293.538330078125, 293.562103271484375, 293.583953857421875, 293.605224609375, 293.6328125, 293.5301513671875, 293.53826904296875, 293.745391845703125, 293.77099609375, 293.7823486328125, 293.795806884765625, 293.811737060546875, 293.81280517578125, 293.836273193359375, 293.822723388671875, 293.769134521484375, 293.565032958984375, 293.31121826171875, 293.146575927734375, 293.3475341796875, 293.26446533203125, 293.179107666015625, 293.08770751953125, 293.002960205078125, 292.96197509765625, 292.947784423828125, 292.931396484375, 292.93084716796875, 292.87158203125, 292.718048095703125]
flo.eas.air.vol.T=[293.149993896484375, 292.278900146484375, 292.106292724609375, 291.9969482421875, 291.90228271484375, 291.806243896484375, 291.727508544921875, 291.638458251953125, 291.523956298828125, 291.420135498046875, 291.3358154296875, 291.25189208984375, 293.04827880859375, 293.160491943359375, 293.15325927734375, 293.153411865234375, 293.164520263671875, 293.205108642578125, 293.183197021484375, 293.16650390625, 293.182891845703125, 293.150726318359375, 293.150177001953125, 293.150054931640625, 293.150146484375, 293.150482177734375, 293.15008544921875, 293.1502685546875, 293.19390869140625, 293.220855712890625, 293.21575927734375, 293.171112060546875, 293.149444580078125, 293.149688720703125, 293.14697265625, 293.15106201171875, 293.146392822265625, 293.146331787109375, 293.132354736328125, 293.136993408203125, 292.943359375, 292.94781494140625, 292.828460693359375, 292.8359375, 292.860015869140625, 292.68603515625, 292.6456298828125, 292.559112548828125, 292.468841552734375, 292.389678955078125, 292.316497802734375, 292.23284912109375, 292.14434814453125, 292.073944091796875, 292.00384521484375, 291.936553955078125, 291.8670654296875, 291.805389404296875, 291.648529052734375, 291.61297607421875, 291.665130615234375, 291.613189697265625, 293.24871826171875, 293.166290283203125, 293.155975341796875, 293.152374267578125, 293.15155029296875, 293.17535400390625, 293.1826171875, 293.166595458984375, 293.1529541015625, 293.152191162109375, 293.154937744140625, 293.155670166015625, 293.161376953125, 293.198089599609375, 293.157562255859375, 293.155670166015625, 293.149658203125, 293.15167236328125, 293.149444580078125, 293.149810791015625, 293.149078369140625, 293.033966064453125, 293.138397216796875, 293.291778564453125, 293.1357421875, 293.155670166015625, 293.13330078125, 293.140869140625, 292.606597900390625, 292.554901123046875, 292.50244140625, 292.365936279296875, 292.245758056640625, 292.2071533203125, 292.23114013671875, 292.3997802734375, 292.4361572265625, 292.359893798828125, 292.240570068359375]
flo.nor.air.vol.T=[293.149993896484375, 292.25579833984375, 292.093231201171875, 291.985687255859375, 291.89166259765625, 291.795745849609375, 291.71514892578125, 291.625030517578125, 291.512451171875, 291.41094970703125, 291.327301025390625, 291.2431640625, 293.159393310546875, 293.1690673828125, 293.1549072265625, 293.152099609375, 293.154754638671875, 293.196136474609375, 293.2069091796875, 293.170013427734375, 293.15264892578125, 293.157745361328125, 293.149871826171875, 293.1568603515625, 293.1568603515625, 293.155364990234375, 293.153228759765625, 293.154205322265625, 293.233154296875, 293.150970458984375, 293.149139404296875, 293.149078369140625, 293.148956298828125, 293.1484375, 293.147705078125, 293.122406005859375, 293.1265869140625, 293.136383056640625, 293.121185302734375, 293.146331787109375, 292.71221923828125, 292.7001953125, 292.649078369140625, 292.604156494140625, 292.62078857421875, 292.535736083984375, 292.42681884765625, 292.33685302734375, 292.246002197265625, 292.167083740234375, 292.096160888671875, 292.015228271484375, 291.9287109375, 291.8616943359375, 291.795440673828125, 291.731903076171875, 291.66650390625, 291.614471435546875, 291.57281494140625, 291.537994384765625, 291.4869384765625, 291.436431884765625, 293.257171630859375, 293.192626953125, 293.1651611328125, 293.157379150390625, 293.154693603515625, 293.194488525390625, 293.20703125, 293.17333984375, 293.155487060546875, 293.155792236328125, 293.1571044921875, 293.156036376953125, 293.155792236328125, 293.149139404296875, 293.142364501953125, 293.15576171875, 293.102325439453125, 293.145965576171875, 293.15423583984375, 293.15509033203125, 293.181640625, 293.15411376953125, 293.149017333984375, 293.147552490234375, 293.146636962890625, 293.06414794921875, 293.130462646484375, 293.137542724609375, 292.7237548828125, 292.63824462890625, 292.5670166015625, 292.49688720703125, 292.428863525390625, 292.386627197265625, 292.368560791015625, 292.2880859375, 292.335662841796875, 292.267486572265625, 291.998016357421875]
eas.vav.m_flow=[0., 0.00003425491377129219, 0.00003038255272258539, 0.00003048884536838159, 0.00002914268588938285, 0.00002991078326886054, 0.00003411775833228603, 0.00003519719757605344, 0.0000321423722198233, 0.00003110056786681525, 0.00003248732537031174, 0.00003292706242064014, 0.36431258916854858398, 0.34902992844581604004, 0.34905537962913513184, 0.34898638725280761719, 0.34900406002998352051, 0.34925571084022521973, 0.38744932413101196289, 0.38512396812438964844, 0.32004362344741821289, 0.11489182710647583008, 0.12182090431451797485, 0.12177648395299911499, 0.12176933139562606812, 0.12176650762557983398, 0.12175761908292770386, 0.12174019217491149902, 0.12793287634849553891, 0.13104960322380065918, 0.13094384968280792236, 0.13084356486797332764, 0.13079720735549926758, 0.13138499855995178223, 0.13571399450302124023, 0.12976017594337463379, 0.12958629429340362549, 0.12121908366680145264, 0.40233308076858520508, 0.40241333842277526855, 0.00005987772601656616, 0.00005297738971421495, 0.0000670865920255892, 0.00006867403135402128, 0.00006240230140974745, 0.0000832544537843205, 0.00005201442036195658, 0.00005088654506835155, 0.00005569753921008669, 0.00005855656854691915, 0.00005877392686670646, 0.00005680843605659902, 0.00005659928501700051, 0.00005574108217842877, 0.00005605243859463371, 0.00005858236181666144, 0.00005833551767864264, 0.00005888809755560937, 0.00009230941941495985, 0.00007664874283364043, 0.00003405868847039528, 0.0000319980681524612, 0.36695250868797302246, 0.34915819764137268066, 0.34905233979225158691, 0.34905260801315307617, 0.34905761480331420898, 0.34968745708465576172, 0.38766714930534362793, 0.38762995600700378418, 0.38759514689445495605, 0.38759699463844299316, 0.38695678114891052246, 0.3827946782112121582, 0.36447361111640930176, 0.24381661415100097656, 0.40164813399314880371, 0.39241209626197814941, 0.12972137331962585449, 0.13023260235786437988, 0.13047139346599578857, 0.13094656169414520264, 0.13359224796295166016, 0.39990955591201782227, 0.4430930018424987793, 0.37962692975997924805, 0.13347159326076507568, 0.41525554656982421875, 0.38763919472694396973, 0.38763073086738586426, 0.00010013820428866893, 0.00009185767703456804, 0.00008511867054039612, 0.00009909967775456607, 0.00011340666969772428, 0.00011977494432358071, 0.00011182831804035231, 0.00006196353206178173, 0.00005060240073362365, 0.00004856450686929747, 0.00003871111402986571]
wes.vav.m_flow=[0., 0.00009430274803889915, 0.00009577960736351088, 0.00009509987285127863, 0.00008919917308958247, 0.00007965806435095146, 0.00006564568320754915, 0.0000644963001832366, 0.0000693079928169027, 0.00007059699419187382, 0.00008118772529996932, 0.00007282869046321139, 0.31966555118560791016, 0.30388027429580688477, 0.30390921235084533691, 0.30383911728858947754, 0.3038584291934967041, 0.30411949753761291504, 0.34320932626724243164, 0.3436609804630279541, 0.34910982847213745117, 0.36488062143325805664, 0.3800239264965057373, 0.37992632389068603516, 0.37990945577621459961, 0.37990257143974304199, 0.37988626956939697266, 0.37984812259674072266, 0.40322315692901639084, 0.41632750630378723145, 0.41601726412773132324, 0.41508424282073974609, 0.41197636723518371582, 0.39217376708984375, 0.26940754055976667836, 0.11627340316772462325, 0.11595019698143005371, 0.37871757149696350098, 0.35804408788681030273, 0.35812330245971679688, 0.00004400864054332487, 0.00003944507625419647, 0.00003672406455734745, 0.00004204424476483837, 0.00004313628232921474, 0.00003951325197704136, 0.00003687230127980001, 0.00003679700967040844, 0.00004453829023987055, 0.00004939010977977887, 0.00005013048212276772, 0.00005073014472145587, 0.00005221187166171148, 0.00004980887024430558, 0.00004613146302290261, 0.00004885477392235772, 0.00005104369483888151, 0.00005457574661704709, 0.00005146886178408749, 0.00005481358311953954, 0.00005536081152968109, 0.00004976517811883241, 0.32237911224365234375, 0.3040148317813873291, 0.30390584468841552734, 0.30390691757202148438, 0.30391243100166320801, 0.30456241965293884277, 0.34342771768569946289, 0.34338828921318054199, 0.34335401654243469238, 0.34339547157287597656, 0.34352341294288635254, 0.34362843632698059082, 0.34371325373649597168, 0.35099226236343383789, 0.35733249783515930176, 0.35533109307289123535, 0.11623995006084442139, 0.11692932993173599243, 0.11736969649791717529, 0.1182341650128364563, 0.12265131622552871704, 0.12477801740169525146, 0.12409955263137817383, 0.11992764472961425781, 0.12726664543151855469, 0.1080670580267906189, 0.34339913725852966309, 0.34339156746864318848, 0.00000702639181326958, 0.00000591381694903248, 0.00000605058221481158, 0.00000290360480903473, 0.00000184153577720281, 0.00000540516930414014, 0.00000806500884209527, 0.00001176020305138081, 0.00001742925815051422, 0.00001835305920394603, 0.00003182516229571775]
sou.vav.m_flow=[0., 0.00005288853571983054, 0.0000439737195847556, 0.00004250588608556427, 0.00005988245538901538, 0.00007128230208763853, 0.00007705631287535653, 0.00008780764619586991, 0.00010419926547911018, 0.00010714762902352959, 0.00009120900358539075, 0.00010611423203954473, 0.44813629984855651855, 0.43088868260383605957, 0.43091914057731628418, 0.43083974719047546387, 0.43085443973541259766, 0.43113192915916442871, 0.4742755591869354248, 0.4746799767017364502, 0.4780673980712890625, 0.4870427250862121582, 0.15079131722450256348, 0.15073403716087341309, 0.15071846544742584229, 0.15071305632591247559, 0.1507088392972946167, 0.15068899095058441162, 0.15477623045444491301, 0.15635843575000762939, 0.1562331467866897583, 0.15610980987548828125, 0.15601369738578796387, 0.15634146332740783691, 0.15912841260433197021, 0.15528081357479095459, 0.15519185364246368408, 0.15009796619415283203, 0.14442943036556243896, 0.14447489380836486816, -0.00001875328962341882, 0.00001025652727548731, -0.00000851057393447263, -0.0000606477988185361, -0.00005561942452914082, -0.00005292959394864738, 0.00000992029254121007, 0.0000195800639630761, 0.00002849381780833937, 0.00003106880103587173, 0.00003218461279175244, 0.00003205184111720882, 0.00002305173256900162, 0.00004158579395152628, 0.00006063780165277421, 0.00006398979166988287, 0.00006690010195598006, 0.00005589619104284811, 0.00001931543920363765, 0.0000277053677564254, 0.00009794773359317333, 0.00009236565529135987, 0.45111903548240661621, 0.43103021383285522461, 0.43091195821762084961, 0.43091294169425964355, 0.43091934919357299805, 0.43162441253662109375, 0.47452431917190551758, 0.47448146343231201172, 0.47444269061088562012, 0.47448804974555969238, 0.47460156679153442383, 0.4747524559497833252, 0.47501134872436523438, 0.31191277503967285156, 0.14450702071189880371, 0.14475278556346893311, 0.15525288879871368408, 0.15570053458213806152, 0.1558291018009185791, 0.15609255433082580566, 0.15782082080841064453, 0.15600126981735229492, 0.15595860779285430908, 0.50194418430328369141, 0.51281118392944335938, 0.49064150452613830566, 0.47449660301208496094, 0.47448700666427612305, 0.00008532081847079098, 0.00009006437903735787, 0.0000936433207243681, 0.00008697937300894409, 0.00007242319406941533, 0.0000415914437326137, 0.00003015801121364348, 0.00003645758624770679, 0.00004271028592484072, 0.00005344545570551418, 0.00003389321864233352]
cor.vav.m_flow_turbulent=[1.61880004405975341797, 1.61880004405975341797]
nor.vav.m_flow=[0., 0.00001952284765138756, 0.00001278596755582839, 0.00001345906093774829, 0.00001354341384285362, 0.000015654612070648, 0.00002223236333520617, 0.0000236199139180826, 0.00001894507295219228, 0.00001702923327684402, 0.00001698535379546229, 0.00001803474879125133, 0.35356196761131286621, 0.33610695600509643555, 0.33614021539688110352, 0.33606544137001037598, 0.33608907461166381836, 0.33637785911560058594, 0.37960740923881530762, 0.38011273741722106934, 0.38613858819007873535, 0.4035854637622833252, 0.42033520340919494629, 0.42022666335105895996, 0.42020899057388305664, 0.42020219564437866211, 0.42018342018127441406, 0.42014145851135253906, 0.24893641471862543169, 0.1305729597806930542, 0.13046033680438995361, 0.13036903738975524902, 0.13039697706699371338, 0.13158182799816131592, 0.13962519168853915197, 0.44844368100166287494, 0.45474192500114440918, 0.41888371109962463379, 0.39601969718933105469, 0.39610579609870910645, 0.00011303233623038977, 0.00011285042273811996, 0.00011015190102625638, 0.00012150871043559164, 0.00011826167610706761, 0.00011466937576187775, 0.00010551972081884742, 0.00009692220919532701, 0.00006517992005683482, 0.00004480060306377709, 0.00003846988329314627, 0.00003959726018365473, 0.00004031679782201536, 0.00003715839920914732, 0.00003686056152218953, 0.00003712041507242248, 0.00003733946505235507, 0.00003520521204336549, 0.00003316317815915681, 0.0000314787175739184, 0.00003342730633448809, 0.00003363084761076607, 0.35657930374145507812, 0.33626389503479003906, 0.33614560961723327637, 0.33614721894264221191, 0.33615374565124511719, 0.33687075972557067871, 0.37985098361968994141, 0.37981086969375610352, 0.37977278232574462891, 0.37981867790222167969, 0.37996014952659606934, 0.38030135631561279297, 0.38173177838325500488, 0.39788836240768432617, 0.39601939916610717773, 0.39655828475952148438, 0.44846075773239135742, 0.4417248070240020752, 0.43357744812965393066, 0.41780385375022888184, 0.34549215435981750488, 0.1379782557487487793, 0.13722868263721466064, 0.13261397182941436768, 0.14072875678539276123, 0.27504712343215942383, 0.37982383370399475098, 0.37981376051902770996, 0.00006609224510611966, 0.00006749977910658345, 0.00006606947135878727, 0.0000636184195172973, 0.00006366952584357932, 0.00006709001172566786, 0.0000656670963508077, 0.00008711372356628999, 0.00007780286250635982, 0.00007853650458855554, 0.00010115788609255105]
eas.TSup.T=[293.149993896484375, 293.521514892578125, 293.52288818359375, 293.52374267578125, 293.524169921875, 293.5242919921875, 293.523406982421875, 293.5213623046875, 293.51910400390625, 293.5169677734375, 293.514312744140625, 293.510894775390625, 298.9205322265625, 300.29620361328125, 300.236907958984375, 300.18975830078125, 299.8310546875, 297.752716064453125, 294.714447021484375, 292.42535400390625, 291.715301513671875, 286.738128662109375, 286.58807373046875, 286.503448486328125, 286.3258056640625, 285.8524169921875, 287.910064697265625, 287.58050537109375, 283.278594970703125, 283.39227294921875, 283.30377197265625, 283.260650634765625, 283.760589599609375, 283.89569091796875, 286.3416748046875, 285.099609375, 287.085845947265625, 290.752197265625, 293.4818115234375, 294.972808837890625, 302.69927978515625, 301.8299560546875, 301.076568603515625, 299.537567138671875, 298.629730224609375, 297.642974853515625, 296.581207275390625, 296.13031005859375, 295.644683837890625, 295.10791015625, 294.567901611328125, 294.07391357421875, 293.633819580078125, 293.209869384765625, 292.824859619140625, 292.4315185546875, 292.0404052734375, 291.683135986328125, 291.02001953125, 290.262939453125, 290.045166015625, 289.98614501953125, 298.359710693359375, 299.04827880859375, 298.847747802734375, 298.71429443359375, 298.644500732421875, 298.133056640625, 296.1529541015625, 293.99639892578125, 293.35443115234375, 293.0694580078125, 292.68365478515625, 292.300048828125, 291.964202880859375, 291.5050048828125, 292.6693115234375, 292.152587890625, 288.50750732421875, 288.549774169921875, 289.52764892578125, 289.80694580078125, 290.43414306640625, 291.782501220703125, 293.129119873046875, 291.882293701171875, 289.433746337890625, 294.554534912109375, 295.485137939453125, 296.47991943359375, 303.927276611328125, 301.497589111328125, 299.6356201171875, 297.885162353515625, 295.9014892578125, 294.00689697265625, 292.39874267578125, 291.502532958984375, 291.22412109375, 291.009246826171875, 290.867095947265625]
nor.TSup.T=[293.149993896484375, 293.402740478515625, 293.405426025390625, 293.40777587890625, 293.41009521484375, 293.41229248046875, 293.4144287109375, 293.416168212890625, 293.417816162109375, 293.41949462890625, 293.421051025390625, 293.422393798828125, 303.38946533203125, 304.385772705078125, 304.20806884765625, 304.20263671875, 304.107452392578125, 303.57623291015625, 300.10699462890625, 297.206085205078125, 296.4261474609375, 295.77685546875, 295.14605712890625, 294.543975830078125, 293.900146484375, 293.38201904296875, 293.851226806640625, 293.531036376953125, 291.51892089843738631316, 285.3397216796875, 284.732086181640625, 285.6907958984375, 286.951812744140625, 289.432586669921875, 291.068878173828125, 292.24444580078125, 292.808319091796875, 293.921539306640625, 295.131744384765625, 296.34161376953125, 303.628631591796875, 300.961761474609375, 298.725433349609375, 296.717742919921875, 294.87164306640625, 293.307342529296875, 292.1246337890625, 291.185699462890625, 290.655120849609375, 290.46221923828125, 290.37298583984375, 290.2969970703125, 290.212493896484375, 290.138336181640625, 290.074127197265625, 290.010589599609375, 289.94598388671875, 289.8861083984375, 289.837890625, 289.7962646484375, 289.754364013671875, 289.709136962890625, 304.509857177734375, 304.3446044921875, 303.73138427734375, 303.394195556640625, 303.196533203125, 302.595947265625, 299.09161376953125, 295.979339599609375, 295.105072021484375, 294.536529541015625, 293.954132080078125, 293.34149169921875, 292.781707763671875, 292.17425537109375, 292.87957763671875, 292.640106201171875, 292.24993896484375, 292.097442626953125, 291.999542236328125, 291.875274658203125, 291.6072998046875, 286.3572998046875, 283.92303466796875, 283.96270751953125, 287.080047607421875, 291.13226318359375, 294.732940673828125, 296.133544921875, 303.69921875, 302.600250244140625, 301.595611572265625, 300.704071044921875, 299.897552490234375, 299.0887451171875, 298.27593994140625, 297.306884765625, 296.268890380859375, 295.390472412109375, 294.569091796875]
sou.TSup.T=[293.149993896484375, 293.626678466796875, 293.62310791015625, 293.619873046875, 293.614044189453125, 293.602264404296875, 293.588592529296875, 293.574005126953125, 293.55853271484375, 293.543609619140625, 293.5301513671875, 293.517791748046875, 302.898651123046875, 304.657684326171875, 305.365203857421875, 305.907867431640625, 305.348175048828125, 303.1119384765625, 298.68896484375, 295.366485595703125, 294.736968994140625, 292.76776123046875, 283.938323974609375, 283.42034912109375, 283.3084716796875, 283.267303466796875, 283.254058837890625, 283.250091552734375, 283.280426025390625, 283.39105224609375, 283.302154541015625, 283.26019287109375, 283.25042724609375, 283.25360107421875, 283.28375244140625, 283.250640869140625, 283.18609619140625, 283.122711181640625, 283.010040283203125, 287.081817626953125, 297.051422119140625, 297.042816162109375, 297.035888671875, 296.837860107421875, 296.581451416015625, 296.36029052734375, 296.279937744140625, 296.25531005859375, 296.18304443359375, 296.07086181640625, 295.94671630859375, 295.8155517578125, 295.72686767578125, 295.626800537109375, 295.247039794921875, 294.751220703125, 294.21893310546875, 293.751068115234375, 293.600616455078125, 293.579864501953125, 293.073516845703125, 292.13299560546875, 300.917266845703125, 300.489105224609375, 300.134521484375, 299.85589599609375, 299.881744384765625, 299.69085693359375, 297.992919921875, 295.75140380859375, 294.84527587890625, 294.273712158203125, 293.94000244140625, 293.5765380859375, 292.750946044921875, 291.57147216796875, 284.966888427734375, 284.137786865234375, 283.638214111328125, 286.84674072265625, 286.473236083984375, 285.411346435546875, 285.2427978515625, 283.3599853515625, 283.163543701171875, 292.57879638671875, 295.03912353515625, 293.659942626953125, 294.032806396484375, 295.57220458984375, 304.147674560546875, 302.3231201171875, 300.54327392578125, 298.962982177734375, 297.827545166015625, 297.25445556640625, 297.108489990234375, 296.962677001953125, 296.725738525390625, 296.4384765625, 296.074310302734375]
wes.TSup.T=[293.149993896484375, 293.436248779296875, 293.438262939453125, 293.4395751953125, 293.440093994140625, 293.43927001953125, 293.43646240234375, 293.432708740234375, 293.428466796875, 293.423675537109375, 293.41986083984375, 293.416168212890625, 301.934844970703125, 302.153106689453125, 301.620391845703125, 301.600341796875, 301.504547119140625, 300.98345947265625, 298.395721435546875, 296.3590087890625, 297.118011474609375, 298.32196044921875, 297.384124755859375, 296.41021728515625, 296.19317626953125, 295.970001220703125, 296.4454345703125, 296.086151123046875, 293.983062744140625, 293.5845947265625, 293.0267333984375, 292.69189453125, 292.371551513671875, 291.973968505859375, 291.52276611328125, 286.941680908203125, 289.1627197265625, 293.178070068359375, 294.301513671875, 295.340667724609375, 302.9569091796875, 302.495361328125, 302.073516845703125, 301.677642822265625, 301.1983642578125, 300.75738525390625, 300.4246826171875, 300.113372802734375, 299.72906494140625, 299.219512939453125, 298.665618896484375, 298.125946044921875, 297.58740234375, 297.06072998046875, 296.64642333984375, 296.234100341796875, 295.80279541015625, 295.3385009765625, 294.903076171875, 294.47259521484375, 294.006072998046875, 293.656768798828125, 301.40673828125, 301.410125732421875, 300.763092041015625, 300.32464599609375, 300.2142333984375, 299.6636962890625, 297.266326904296875, 294.92987060546875, 294.23663330078125, 293.8109130859375, 293.369659423828125, 292.91473388671875, 292.49188232421875, 292.02392578125, 292.626983642578125, 292.333282470703125, 288.146209716796875, 283.94482421875, 283.55609130859375, 286.070770263671875, 286.725128173828125, 285.357818603515625, 283.647674560546875, 283.686920166015625, 286.359619140625, 290.944427490234375, 294.07421875, 295.166107177734375, 302.873565673828125, 302.866546630859375, 302.859039306640625, 302.855072021484375, 302.85467529296875, 302.852996826171875, 302.841217041015625, 302.822998046875, 302.762237548828125, 302.678863525390625, 302.336944580078125]
cor.TSup.T=[293.149993896484375, 293.344879150390625, 293.329193115234375, 293.31317138671875, 293.2952880859375, 293.27398681640625, 293.2506103515625, 293.224853515625, 293.19482421875, 293.16119384765625, 293.1282958984375, 293.09417724609375, 291.703125, 293.184661865234375, 293.214752197265625, 293.186553955078125, 293.164276123046875, 292.629364013671875, 283.8170166015625, 283.81829833984375, 283.4686279296875, 283.43701171875, 283.410369873046875, 283.417694091796875, 283.30712890625, 283.266876220703125, 283.25384521484375, 283.25006103515625, 283.282684326171875, 283.389617919921875, 283.3004150390625, 283.259674072265625, 283.250335693359375, 283.25384521484375, 283.285675048828125, 283.24566650390625, 283.1866455078125, 283.11907958984375, 283.01092529296875, 285.92462158203125, 290.80096435546875, 290.7939453125, 290.786651611328125, 290.7802734375, 290.77471923828125, 290.768951416015625, 290.762237548828125, 290.755096435546875, 290.748077392578125, 290.7413330078125, 290.734771728515625, 290.72821044921875, 290.72271728515625, 290.71771240234375, 290.7078857421875, 290.690338134765625, 290.6688232421875, 290.64556884765625, 290.621978759765625, 290.5992431640625, 290.57586669921875, 290.550445556640625, 291.95855712890625, 292.75115966796875, 292.9052734375, 292.90606689453125, 292.90887451171875, 292.425323486328125, 285.84820556640619315658, 283.762420654296875, 283.426605224609375, 283.3114013671875, 283.2900390625, 283.27484130859375, 283.25537109375, 283.3236083984375, 283.378448486328125, 283.295074462890625, 283.51849365234375, 283.396331787109375, 283.307861328125, 283.2840576171875, 283.290863037109375, 283.350616455078125, 283.161712646484375, 283.117218017578125, 283.21014404296875, 283.072723388671875, 282.96807861328125, 285.6640625, 290.662078857421875, 290.65240478515625, 290.642791748046875, 290.63330078125, 290.624298095703125, 290.616119384765625, 290.6085205078125, 290.600677490234375, 290.59326171875, 290.58587646484375, 290.578216552734375]
