last-generated=2016-03-21
statistics-initialization=
{
  "numerical Jacobians": "0", 
  "nonlinear": "12"
}
statistics-simulation=
{
  "numerical Jacobians": "0", 
  "nonlinear": "1, 12, 1", 
  "number of continuous time states": "24", 
  "linear": "0, 0, 0, 0, 0, 0, 0, 0, 0, 0"
}
conWin.T=[293.149993896484375, 285.210540771484375, 283.707763671875, 281.92889404296875, 281.4659423828125, 284.14678955078125, 293.74688720703125, 296.03887939453125, 296.49041748046875, 298.713470458984375, 293.23193359375, 290.157867431640625, 288.351898193359375, 286.579254150390625, 284.781768798828125, 284.57366943359375, 282.5155029296875, 281.151092529296875, 282.040618896484375, 282.754974365234375, 291.2679443359375, 296.170440673828125, 297.089935302734375, 296.810882568359375, 294.301055908203125, 290.14422607421875, 289.113525390625, 287.065643310546875, 285.932403564453125, 285.1563720703125, 285.3922119140625, 287.1343994140625, 286.398223876953125, 285.614105224609375, 289.87701416015630684342, 295.4864501953125, 296.74005126953125, 297.407806396484375, 296.35906982421875, 292.12957763671875, 289.87109375, 287.71759033203125, 286.096649169921875, 285.29583740234375, 284.175811767578125, 283.260345458984375, 281.23272705078125, 280.848114013671875, 283.649169921875, 286.002349853515625, 292.417572021484375, 295.72064208984375, 292.968902587890625, 289.195770263671875, 287.23736572265625, 285.91375732421875, 285.01495361328125, 284.009979248046875, 283.298065185546875, 281.492950439453125, 280.2403564453125, 279.902801513671875, 281.803375244140625, 285.67205810546875, 293.960662841796875, 296.4189453125, 296.5477294921875, 292.593048095703125, 289.035858154296875, 287.057037353515625, 285.382293701171875, 284.320159912109375, 283.48760986328125, 282.607666015625, 281.97259521484375, 281.373992919921875, 280.9437255859375, 286.364532470703125, 288.019287109375, 293.41864013671875, 295.649078369140625, 293.25018310546869315658, 288.600982666015625, 286.6334228515625, 284.7060546875, 285.003570556640625, 284.536224365234375, 283.934967041015625, 282.247894287109375, 282.51348876953125, 282.4678955078125, 283.202606201171875, 285.10968017578125, 284.292877197265625, 289.00592041015625, 290.659088134765625, 286.421600341796875, 284.59307861328125, 283.203582763671875, 282.373809814453125, 281.37799072265625]
weaBus.TDryBul=[280.350006103515625, 280.350006103515625, 279.649200439453125, 277.510955810546875, 278.837677001953125, 279.19927978515625, 282.0916748046875, 283.006011962890625, 283.975189208984375, 287.210601806640625, 284.550689697265625, 284.0062255859375, 283.61322021484375, 282.63702392578125, 280.302459716796875, 281.693511962890625, 278.849365234375, 277.98431396484375, 280.632476806640625, 280.310791015625, 284.376678466796875, 287.04998779296875, 287.04998779296875, 285.9588623046875, 285.473419189453125, 283.75, 285.052215576171875, 282.661346435546875, 282.54278564453125, 282.3992919921875, 283.85546875, 287.054290771484375, 285.5123291015625, 284.133148193359375, 284.97296142578125, 285.36370849609375, 288.45489501953125, 289.312744140625, 287.27496337890625, 286.468414306640625, 285.093994140625, 283.239898681640625, 282.04998779296875, 281.987518310546875, 280.987213134765625, 280.184539794921875, 277.693939208984375, 278.096282958984375, 280.897247314453125, 282.054718017578125, 283.149993896484375, 283.8023681640625, 283.31439208984375, 283.143096923828125, 282.68743896484375, 282.371826171875, 282.00317382812494315658, 281.31475830078125, 280.97509765625, 277.947784423828125, 277.478668212890625, 278.0751953125, 279.93359375, 280.297760009765625, 281.77239990234375, 282.718414306640625, 284.239532470703125, 283.564361572265625, 282.400390625, 282.065948486328125, 281.3123779296875, 280.78179931640625, 280.359283447265625, 279.850006103515625, 279.7239990234375, 279.25, 278.258148193359375, 278.929962158203125, 279.867767333984375, 280.193878173828125, 281.209991455078125, 281.45001220703125, 281.45001220703125, 281.319305419921875, 279.755126953125, 282.784820556640625, 282.300689697265625, 281.732574462890625, 279.76055908203125, 280.910980224609375, 281.107421875, 282.030120849609375, 281.9288330078125, 281.187255859375, 282.02398681640625, 282.790008544921875, 281.886444091796875, 280.971771240234375, 280.012542724609375, 279.66900634765625, 278.75]
time=[0., 604800.]
conWin.H=[0.00009999999747378752, 0.00009999999747378752, 0.00009999999747378752, 0.00009999999747378752, 0.00009999999747378752, 105.98333740234375, 349.76885986328125, 419.897186279296875, 398.4229736328125, 269.359710693359375, 0.00009999999747378752, 0.00009999999747378752, 0.00009999999747378752, 0.00009999999747378752, 0.00009999999747378752, 0.00009999999747378752, 0.00009999999747378752, 0.00009999999747378752, 0.00009999999747378752, 31.480068206787109375, 281.0345458984375, 431.940399169921875, 423.24627685546875, 301.697509765625, 13.8192424774169921875, 0.00009999999747378752, 0.00009999999747378752, 0.00009999999747378752, 0.00009999999747378752, 0.00009999999747378752, 0.00009999999747378752, 0.00009999999747378752, 0.00009999999747378752, 1.57806181907653808594, 194.75436401367298344667, 359.454925537109375, 415.364593505859375, 319.41851806640625, 106.6554412841796875, 0.00009999999747378752, 0.00009999999747378752, 0.00009999999747378752, 0.00009999999747378752, 0.00009999999747378752, 0.00009999999747378752, 0.00009999999747378752, 0.00009999999747378752, 0.00009999999747378752, 102.3990936279296875, 225.4401702880859375, 388.986968994140625, 389.603424072265625, 170.1040191650390625, 0.00009999999747378752, 0.00009999999747378752, 0.00009999999747378752, 0.00009999999747378752, 0.00009999999747378752, 0.00009999999747378752, 0.00009999999747378752, 0.00009999999747378752, 0.00009999999747378752, 66.339996337890625, 252.6240234375, 435.89752197265625, 469.830047607421875, 308.108367919921875, 0.00009999999747378752, 0.00009999999747378752, 0.00009999999747378752, 0.00009999999747378752, 0.00009999999747378752, 0.00009999999747378752, 0.00009999999747378752, 0.00009999999747378752, 0.00009999999747378752, 9.27639865875244140625, 238.9193267822265625, 263.364593505859375, 440.155670166015625, 340.442596435546875, 73.91233825683255531658, 0.00009999999747378752, 0.00009999999747378752, 0.00009999999747378752, 0.00009999999747378752, 0.00009999999747378752, 0.00009999999747378752, 0.00009999999747378752, 0.00009999999747378752, 0.00009999999747378752, 68.43462371826171875, 210.9132537841796875, 166.2153778076171875, 313.296600341796875, 212.9326019287109375, 0.00009999999747378752, 0.00009999999747378752, 0.00009999999747378752, 0.00009999999747378752, 0.00009999999747378752]
conWin.y=[0., 0., 0., 0., 0., 0., 0., 0.44444200396537814068, 0.67021059989929199219, 0.19359718263149261475, 0., 0., 0., 0., 0., 0., 0., 0., 0., 0., 0., 0.51022225618362426758, 0.9699738621711730957, 0.42932122945785522461, 0., 0., 0., 0., 0., 0., 0., 0., 0., 0., 0., 0.16821907460689544678, 0.79501938819885253906, 0.6941852569580078125, 0., 0., 0., 0., 0., 0., 0., 0., 0., 0., 0., 0., 0., 0.28531575202941894531, 0., 0., 0., 0., 0., 0., 0., 0., 0., 0., 0., 0., 0., 0.63447999954223632812, 0.40610042214393615723, 0., 0., 0., 0., 0., 0., 0., 0., 0., 0., 0., 0., 0., 0.22568495571613311768, 0., 0., 0., 0., 0., 0., 0., 0., 0., 0., 0., 0., 0., 0., 0., 0., 0., 0., 0., 0.]
