last-generated=2016-03-21
statistics-initialization=
{
  "numerical Jacobians": "0", 
  "nonlinear": "1, 1, 1, 1, 1, 1, 1, 1, 1, 1, 1, 1, 1, 1, 1, 1, 1, 1, 1"
}
statistics-simulation=
{
  "numerical Jacobians": "0", 
  "nonlinear": "1, 1, 0, 1, 1, 1, 1, 1, 0, 1, 1, 1, 1, 1, 0, 1, 1, 1, 1", 
  "number of continuous time states": "36", 
  "linear": "0, 0, 0"
}
rooSinSpe.vol.T=[293.149993896484375, 290.117706298828125, 289.4267578125, 289.13531494140625, 291.976043701171875, 294.490264892578125, 296.58355712890625, 297.02227783203125, 297.410125732421875, 296.746856689453125, 296.973297119140625, 297.524444580078125, 297.614166259765625, 296.914703369140625, 297.1165771484375, 295.337066650390625, 294.114288330078125, 294.435760498046875, 296.143890380859375, 297.614532470703125, 297.011627197265625, 297.0694580078125, 297.031585693359375, 297.161041259765625, 297.545501708984375, 296.686492919921875, 296.707794189453125, 296.68804931640625, 296.704742431640625, 297.556793212890625, 297.25762939453125, 297.157318115234375, 297.320159912109375, 297.643829345703125, 297.041717529296875, 297.635101318359375, 298.272003173828125, 299.2742919921875, 298.89166259765625, 298.333892822265625, 296.93182373046875, 296.721160888671875, 296.927215576171875, 297.231201171875, 296.741790771484375, 297.5609130859375, 296.8646240234375, 297.183807373046875, 297.124359130859375, 297.448516845703125, 298.927642822265625, 299.5667724609375, 299.490020751953125, 298.662506103515625, 297.075042724609375, 296.91015625, 295.93695068359375, 296.96343994140625, 297.584686279296875, 296.817138671875, 297.158599853515625, 296.755950927734375, 297.1619873046875, 296.592041015625, 296.861724853515625, 297.656524658203125, 297.470489501953125, 297.4154052734375, 296.91107177734375, 297.258026123046875, 296.52838134765625, 297.371490478515625, 297.224853515625, 296.309326171875, 295.415557861328125, 296.236328125, 297.271087646484375, 297.01446533203125, 296.850341796875, 296.8599853515625, 296.670074462890625, 296.74365234375, 296.666412353515625, 297.112579345703125, 297.33282470703125, 297.60040283203125, 297.06689453125, 297.450775146484375, 297.311492919921875, 296.727935791015625, 297.242523193359375, 296.84149169921875, 296.836517333984375, 296.884063720703125, 297.5784912109375, 297.436309814453125, 297.03411865234375, 297.159210205078125, 295.66064453125, 293.0118408203125, 291.47491455078125]
weaDat.weaBus.TDryBul=[287.54998779296875, 285.991790771484375, 285.1544189453125, 285.402862548828125, 288.780181884765625, 290.790008544921875, 293.323699951171875, 296.323028564453125, 297.14556884765625, 297.04998779296875, 297.04998779296875, 297.022003173828125, 295.17401123046875, 293.828399658203125, 292.8380126953125, 290.8167724609375, 289.8629150390625, 290.67938232421875, 292.669158935546875, 296.32415771484375, 299.170013427734375, 299.935943603515625, 302.507415771484375, 303.400848388671875, 303.60308837890625, 302.04998779296875, 301.11358642578125, 299.850006103515625, 299.8448486328125, 298.75, 298.538787841796875, 298.149993896484375, 297.110992431640625, 299.21697998046875, 301.605621337890625, 303.971954345703125, 304.7843017578125, 306.004913330078125, 304.979217529296875, 304.300872802734375, 302.329986572265625, 300.379791259765625, 300.350006103515625, 299.25, 299.25, 295.7225341796875, 295.108734130859375, 298.68341064453125, 300.89532470703125, 303.098602294921875, 304.850006103515625, 305.776947021484375, 305.353302001953125, 304.21185302734375, 297.881591796875, 293.729217529296875, 291.506805419921875, 294.19195556640625, 294.02178955078125, 294.268646240234375, 293.82598876953125, 293.975189208984375, 295.00677490234375, 296.2919921875, 301.642303466796875, 300.221954345703125, 299.8934326171875, 297.754638671875, 296.435943603515625, 295.980743408203125, 295.29620361328125, 294.219482421875, 293.79193115234375, 291.827423095703125, 291.134429931640625, 293.149993896484375, 294.431427001953125, 298.853485107421875, 300.3846435546875, 300.991729736328125, 300.570556640625, 301.44415283203125, 300.50433349609375, 298.69842529296875, 296.45001220703125, 296.45001220703125, 294.821990966796875, 294.32354736328125, 294.313751220703125, 294.60394287109375, 294.850006103515625, 292.54345703125, 294.381256103515625, 295.0782470703125, 296.4295654296875, 296.1514892578125, 295.751007080078125, 293.207275390625, 290.963592529296875, 288.448089599609375, 287.04998779296875]
rooVarSpe.vol.T=[293.149993896484375, 290.117706298828125, 289.4267578125, 289.13531494140625, 291.976043701171875, 294.490264892578125, 296.58355712890625, 297.3826904296875, 297.35333251953125, 297.3507080078125, 297.353668212890625, 297.35675048828125, 297.361053466796875, 297.29376220703125, 297.097503662109375, 295.3367919921875, 294.114288330078125, 294.435760498046875, 296.143890380859375, 297.3355712890625, 297.54022216796875, 297.6190185546875, 297.870269775390625, 297.9644775390625, 297.98260498046875, 297.852142333984375, 297.767822265625, 297.657073974609375, 297.64385986328125, 297.544097900390625, 297.509063720703125, 297.47222900390625, 297.411865234375, 297.579559326171875, 297.80120849609375, 298.04998779296875, 298.10888671875, 298.678741455078125, 298.285736083984375, 298.0640869140625, 297.87969970703125, 297.68804931640625, 297.66729736328125, 297.542449951171875, 297.542449951171875, 297.338165283203125, 297.338287353515625, 297.52911376953125, 297.75396728515625, 298.008514404296875, 298.35955810546875, 299.000823974609375, 298.924407958984375, 298.109893798828125, 297.500885009765625, 296.805328369140625, 295.824676513671875, 297.3201904296875, 297.31634521484375, 297.315093994140625, 297.31170654296875, 297.31878662109375, 297.3402099609375, 297.33355712890625, 297.6400146484375, 297.56439208984375, 297.53216552734375, 297.423095703125, 297.349212646484375, 297.169158935546875, 297.3145751953125, 297.322174072265625, 297.3658447265625, 296.303070068359375, 295.4154052734375, 296.236328125, 297.37518310546875, 297.59222412109375, 297.733154296875, 297.794921875, 297.7767333984375, 297.862060546875, 297.767120361328125, 297.539093017578125, 297.39605712890625, 297.39605712890625, 297.350189208984375, 297.36273193359375, 297.301422119140625, 297.37188720703125, 297.334686279296875, 296.606781005859375, 297.31585693359375, 297.37030029296875, 297.34124755859375, 297.156280517578125, 297.3453369140625, 297.350433349609375, 295.66363525390625, 293.011932373046875, 291.474945068359375]
rooMulSpe.vol.T=[293.149993896484375, 290.117706298828125, 289.4267578125, 289.13531494140625, 291.976043701171875, 294.490264892578125, 296.58355712890625, 296.5106201171875, 296.55523681640625, 296.465087890625, 296.584136962890625, 296.71527099609375, 296.286224365234375, 296.57177734375, 296.327239990234375, 295.323486328125, 294.1141357421875, 294.43572998046875, 296.143890380859375, 296.68280029296875, 296.378570556640625, 296.848602294921875, 296.51336669921875, 296.588714599609375, 296.904632568359375, 296.513671875, 296.778167724609375, 296.567718505859375, 296.511749267578125, 296.55810546875, 296.399993896484375, 296.60382080078125, 296.410430908203125, 296.45941162109375, 296.500396728515625, 297.085113525390625, 297.65087890625, 298.676666259765625, 298.28570556640625, 297.715484619140625, 296.743927001953125, 296.760162353515625, 296.946502685546875, 296.9195556640625, 296.512054443359375, 296.30426025390625, 296.369140625, 296.37823486328125, 296.80267333984375, 296.86749267578125, 298.34344482421875, 299.000762939453125, 298.924407958984375, 298.06658935546875, 296.418670654296875, 296.74169921875, 295.45318603515625, 296.281829833984375, 296.59417724609375, 296.873809814453125, 296.7469482421875, 296.85076904296875, 296.8668212890625, 296.56854248046875, 296.41546630859375, 296.908294677734375, 296.56689453125, 296.89990234375, 296.54425048828125, 296.299896240234375, 296.499267578125, 296.87237548828125, 296.4617919921875, 296.23480224609375, 295.4134521484375, 296.23626708984375, 296.4581298828125, 296.468719482421875, 296.67205810546875, 296.426177978515625, 296.632598876953125, 296.44256591796875, 296.96185302734375, 296.380645751953125, 296.910308837890625, 296.643402099609375, 296.390167236328125, 296.839111328125, 296.750518798828125, 296.4580078125, 296.49212646484375, 295.83209228515625, 296.51904296875, 296.65802001953125, 296.33258056640625, 296.3453369140625, 296.83154296875, 296.43255615234375, 295.64764404296875, 293.011444091796875, 291.47491455078125]
time=[15811200., 16416000.]
rooVarSpe.vol.Xi[1]=[0.00999999977648258209, 0.00848518777638673782, 0.00801630318164825439, 0.00753595773130655289, 0.00808548461645841599, 0.00794712547212839127, 0.00776574993506073952, 0.00699491100385785103, 0.00764855975285172462, 0.00794435758143663406, 0.00817174743860960007, 0.00849587097764015198, 0.00951483938843011856, 0.00941302627325057983, 0.00925419013947248459, 0.00818611122667789459, 0.00903787929564714432, 0.01017284300178289413, 0.01110730972141027451, 0.01093523949384689331, 0.01177732739597558975, 0.01216441672295331955, 0.01210143137723207474, 0.01202299166470766068, 0.01175010856240987778, 0.01249584928154945374, 0.01295020617544651031, 0.01365953497588634491, 0.01327497512102127075, 0.01345323957502841949, 0.01254449319094419479, 0.01209905091673135757, 0.01305226515978574753, 0.01321684475988149643, 0.01270041242241859436, 0.01230723317712545395, 0.01180844474583864212, 0.01171332132071256638, 0.01170449703931808472, 0.01176726073026657104, 0.01239929627627134323, 0.01290368475019931793, 0.01247889548540115356, 0.01139355171471834183, 0.01139111723750829697, 0.01321716140955686569, 0.01345631107687950134, 0.0131652001291513443, 0.01342425402253866196, 0.01329685933887958527, 0.01284153107553720474, 0.01280070655047893524, 0.01294879242777824402, 0.01246433984488248825, 0.01365096494555473328, 0.01484785135835409164, 0.01268295664340257645, 0.01448496244847774506, 0.01465000677853822708, 0.01519277039915323257, 0.01459085848182439804, 0.01329836435616016388, 0.0125955827534198761, 0.01070002280175685883, 0.00810615066438913345, 0.00898275431245565414, 0.00856665149331092834, 0.01027661282569169998, 0.01158712990581989288, 0.01153622101992368698, 0.01058452483266592026, 0.01147936377674341202, 0.01351289544254541397, 0.01328205037862062454, 0.01271333824843168259, 0.01418224722146987915, 0.01527842693030834198, 0.01487722061574459076, 0.01428096834570169449, 0.01391576416790485382, 0.01467950642108917236, 0.01413055229932069778, 0.01451404113322496414, 0.01334911584854125977, 0.0160398390144109726, 0.01604327745735645294, 0.01574460417032241821, 0.01560853421688079834, 0.01444654446095228195, 0.0150556834414601326, 0.01448700111359357834, 0.01260410808026790619, 0.01168239675462245941, 0.01170575246214866638, 0.0106603819876909256, 0.01112474128603935242, 0.00925717037171125412, 0.00767354946583509445, 0.00789776816964149475, 0.00882936734706163406, 0.00852779019623994827]
rooMulSpe.vol.Xi[1]=[0.00999999977648258209, 0.00848518777638673782, 0.00801630318164825439, 0.00753595773130655289, 0.00808548461645841599, 0.00794712547212839127, 0.00776574993506073952, 0.00698261335492134094, 0.00815724954009056091, 0.00833911914378404617, 0.008713526651263237, 0.00927144195884466171, 0.00911603402346372604, 0.00955014675855636597, 0.00933746062219142914, 0.00818610657006502151, 0.00903787650167942047, 0.01017285604029893875, 0.01110730599611997604, 0.01159895770251750946, 0.01162532810121774673, 0.01260678283870220184, 0.0113153066486120224, 0.01132349949330091476, 0.01118712220340967178, 0.01166424248367547989, 0.0128198256716132164, 0.0130644654855132103, 0.01269638072699308395, 0.01323152147233486176, 0.01228684652596712112, 0.01241949107497930527, 0.01294292416423559189, 0.0127185136079788208, 0.01190125197172164917, 0.01184713467955589294, 0.01160386763513088226, 0.01171314064413309097, 0.01170449424535036087, 0.01152254454791545868, 0.01185562927275896072, 0.01276820991188287735, 0.01290866173803806305, 0.01228713616728782654, 0.0115788215771317482, 0.01248929370194673538, 0.01300352346152067184, 0.01267840620130300522, 0.01329094823449850082, 0.01264221873134374619, 0.01284007076174020767, 0.01280069909989833832, 0.01294879242777824402, 0.01240558363497257233, 0.01309473440051078796, 0.01485647913068532944, 0.01277158129960298538, 0.01372769009321928024, 0.01475844625383615494, 0.01549560483545064926, 0.01478586345911026001, 0.01352850254625082016, 0.01290859375149011612, 0.01143735088407993317, 0.00853644311428070068, 0.01020749658346176147, 0.009511532261967659, 0.01167464815080165863, 0.0122635476291179657, 0.01042195968329906464, 0.01061804033815860748, 0.01166269276291131973, 0.0134742269292473793, 0.01328798476606607437, 0.0127134295180439949, 0.01418224908411502838, 0.01484541967511177063, 0.01394825708121061325, 0.0135941794142127037, 0.0128178820013999939, 0.01375959720462560654, 0.01300944667309522629, 0.01452524960041046143, 0.0127848377451300621, 0.01620751991868019104, 0.01557346340268850327, 0.01491186395287513733, 0.01556591875851154327, 0.01473714131861925125, 0.014692685566842556, 0.01426115445792675018, 0.01288827508687973022, 0.01180566288530826569, 0.01184160448610782623, 0.01091684307903051376, 0.0102506633847951889, 0.00936903338879346848, 0.0077340221032500267, 0.00789779238402843475, 0.00882936920970678329, 0.00852779019623994827]
rooSinSpe.vol.Xi[1]=[0.00999999977648258209, 0.00848518777638673782, 0.00801630318164825439, 0.00753595773130655289, 0.00808548461645841599, 0.00794712547212839127, 0.00776574993506073952, 0.00706378091126680374, 0.00837997812777757645, 0.00825900770723819733, 0.00839708652347326279, 0.00941338110715150833, 0.00960503518581390381, 0.00955129228532314301, 0.00925412494689226151, 0.00818611122667789459, 0.00903787929564714432, 0.01017284300178289413, 0.01110730972141027451, 0.0118584437295794487, 0.01232140883803367615, 0.01218414679169654846, 0.01158193312585353851, 0.01167271565645933151, 0.01154145319014787674, 0.01181176584213972092, 0.01210383977741003036, 0.01281210687011480331, 0.01247041951864957809, 0.01440846733748912811, 0.0134390760213136673, 0.01303252670913934708, 0.01418237388134002686, 0.0143826119601726532, 0.01217504683881998062, 0.01220014877617359161, 0.01196078304201364517, 0.01206685882061719894, 0.01206091977655887604, 0.01187935750931501389, 0.01183256972581148148, 0.01225110422819852829, 0.01209400687366724014, 0.01239173207432031631, 0.01127867866307497025, 0.0134469280019402504, 0.01344810612499713898, 0.01340177562087774277, 0.01297576539218425751, 0.01301021501421928406, 0.01320413500070571899, 0.01315913815051317215, 0.01330952160060405731, 0.01276962272822856903, 0.0135946664959192276, 0.01480840146541595459, 0.01266458537429571152, 0.01472315937280654907, 0.01475025620311498642, 0.01505783479660749435, 0.01465020980685949326, 0.01348393876105546951, 0.01289787609130144119, 0.01051173638552427292, 0.00851251650601625443, 0.01076789386570453644, 0.00999006070196628571, 0.01176594384014606476, 0.01240431889891624451, 0.01103519368916749954, 0.00992015842348337173, 0.01158925984054803848, 0.01356223411858081818, 0.01328154280781745911, 0.01271333079785108566, 0.01418224722146987915, 0.01552903465926647186, 0.01463487464934587479, 0.01333830971270799637, 0.01303144358098506927, 0.0135485408827662468, 0.01331158168613910675, 0.0134100448340177536, 0.01337681710720062256, 0.01653991267085075378, 0.01695088297128677368, 0.01582287624478340149, 0.01557625550776720047, 0.01466521900147199631, 0.0144761204719543457, 0.01474751904606819153, 0.01253482699394226074, 0.01194210629910230637, 0.01181067619472742081, 0.01173598971217870712, 0.01083340588957071304, 0.00938172545284032822, 0.00767657719552516937, 0.00789776910096406937, 0.00882936734706163406, 0.00852779019623994827]
mulSpePow.y=[0., 0., 0., 0., 0., 0., 0., 2323540.75, 6013646., 9403070., 12968527., 16767357., 19602738., 20813710., 21480460., 21480460., 21480460., 21480460., 21480460., 23590822., 29508982., 39873188., 53672908., 72374184., 92350328., 111431704., 127471528., 141795264., 154752704., 165766960., 175264720., 181998784., 189347904., 197434160., 210930016., 229289856., 249636544., 270260896., 290919264., 311404256., 330992128., 346701344., 359653152., 370290016., 378905088., 383765152., 385377280., 390558880., 402485952., 421393248., 442168000., 463260224., 484412288., 505310208., 524586368., 526223488., 526524544., 527429952., 528698816., 529642944., 530961280., 531244128., 532708640., 535614624., 541630336., 550121472., 556660032., 561808128., 565335424., 567615552., 569970560., 571321920., 572723072., 572723072., 572723072., 572723072., 573971200., 581563520., 594659520., 611331456., 627593152., 645954880., 663392704., 676201088., 685789888., 693630080., 699410496., 700740160., 702390592., 703675264., 705704064., 706698240., 707232256., 708948032., 711785792., 714651648., 717050624., 718607424., 718607424., 718607424., 718607424.]
varSpePow.y=[0., 0., 0., 0., 0., 0., 0., 745981.25, 2487040.25, 3623147.5, 5493003.5, 7775871.5, 8548290., 8901490., 8946616., 8946616., 8946616., 8946616., 8946616., 9746221., 13802068., 22191880., 32957756., 47933676., 64676400., 79996432., 93023496., 103978560., 113734368., 121721776., 128455088., 133507024., 138476384., 143864704., 154249824., 169307424., 187973920., 208511824., 229170208., 249075360., 265266192., 277859104., 288107840., 296616192., 303383904., 306909728., 307256864., 310346848., 319435872., 334282400., 354341184., 375433632., 396585696., 417446720., 434458432., 435262144., 435262144., 435399296., 435737440., 435991584., 436264768., 436400128., 436843904., 438335808., 443360064., 451717152., 458034016., 463152960., 465672768., 467038784., 467808000., 468216896., 468514112., 468532992., 468532992., 468532992., 468721632., 472981088., 482264576., 495022208., 507574560., 521578176., 535294016., 544602176., 550632832., 553894976., 556059328., 556130560., 556552064., 556885376., 557474560., 557776704., 557899264., 558450112., 559707584., 561317184., 561974656., 562363456., 562363456., 562363456., 562363456.]
sinSpePow.y=[0., 0., 0., 0., 0., 0., 0., 1795068.375, 4898994., 8021322.5, 11182172., 14338873., 16629377., 17809750., 17809750., 17809750., 17809750., 17809750., 17809750., 19290030., 24452606., 33878824., 46236904., 64227144., 82356920., 100369840., 115448344., 128319744., 140035600., 149473664., 157725712., 163413424., 169383184., 176125872., 188695328., 206080720., 224496192., 243141488., 261817072., 280343040., 298460416., 313193792., 324967040., 334234848., 341770752., 345001088., 346526048., 350798592., 361759424., 379295968., 398005632., 416960320., 435972768., 454792832., 472177248., 473203168., 473203168., 473707808., 474244896., 475311008., 475861888., 476332928., 477307616., 479956064., 485181376., 492290464., 497806784., 502475744., 505489280., 507571424., 509942304., 510814080., 511730304., 511730304., 511730304., 511730304., 512256192., 518737184., 530747008., 546013504., 561278208., 578906624., 595817856., 606805312., 615245312., 621421888., 626122240., 626122240., 627233600., 628319040., 629448960., 630003776., 630440512., 631845568., 633896896., 636504256., 638827968., 639944128., 639944128., 639944128., 639944128.]
