last-generated=2016-10-03
statistics-initialization=
{
  "linear": "3"
}
statistics-simulation=
{
  "numerical Jacobians": "0", 
  "nonlinear": " ", 
  "number of continuous time states": "3", 
  "linear": "0, 0, 2"
}
thermalZoneOneElement.TAir=[295.149993896484375, 301.88137207031252273737, 288.01284179687502273737, 290.14921874999998863132, 303.57198486328127273737, 290.2723388671875, 292.6822509765625, 303.26097412109373863132, 289.30192260742188636868, 292.42072143554685226263, 308.795440673828125, 291.22625122070314773737, 294.88915405273439773737, 314.62949829101563636868, 293.61677856445311363132, 298.1033935546875, 310.57337036132810226263, 297.44863281250002273737, 312.94208374023435226263, 316.080596923828125, 301.61212158203125, 313.89669189453127273737, 303.07225952148439773737, 296.41876831054685226263, 319.88889160156247726263, 305.53729248046875, 300.53374633789064773737, 316.03870239257810226263, 301.41605224609372726263, 301.901153564453125, 326.4588623046875, 300.42202148437502273737, 306.08885498046873863132, 338.53493652343752273737, 304.81989746093751136868, 311.07440185546875, 344.43562622070311363132, 302.74575195312502273737, 320.21113891601561363132, 346.26419677734372726263, 305.80670166015625, 322.050018310546875, 336.52379150390623863132, 310.66758422851563636868, 329.35337524414063636868, 316.70587158203125, 303.05150756835939773737, 320.20366210937498863132, 304.449920654296875, 308.78113403320310226263, 331.664154052734375, 305.26654663085935226263, 310.70566406249997726263, 338.21942749023435226263, 305.43518676757810226263, 310.770111083984375, 344.0296630859375, 307.11726684570311363132, 321.24916381835936363132, 346.51373901367185226263, 308.699615478515625, 327.710418701171875, 306.9959716796875, 305.66027221679689773737, 323.94451293945314773737, 301.506683349609375, 304.76856079101560226263, 324.17804565429685226263, 302.36024780273436363132, 306.78574218749997726263, 321.987274169921875, 304.17449340820314773737, 303.54435424804688636868, 330.29194946289061363132, 299.1580810546875, 301.079803466796875, 335.48922119140627273737, 299.25753173828127273737, 311.97487182617186363132, 330.97520141601563636868, 300.95513916015625, 311.69642944335936363132, 301.06766967773438636868, 297.182037353515625, 312.39162597656252273737, 292.4183349609375, 294.08479003906251136868, 311.97489624023438636868, 293.23619384765623863132, 297.35977783203122726263, 309.633941650390625, 291.99298095703125, 293.61033935546873863132, 303.431427001953125, 288.87139282226564773737, 291.638916015625, 300.674102783203125, 289.95530395507813636868, 299.86788330078127273737, 298.14518432617188636868, 290.7220458984375]
time=[0., 31536000.]
