last-generated=2016-10-03
statistics-initialization=
{
  "numerical Jacobians": "0", 
  "nonlinear": "1"
}
statistics-simulation=
{
  "numerical Jacobians": "0", 
  "nonlinear": " ", 
  "number of continuous time states": "27", 
  "linear": " "
}
tan.vol[1].T=[293.149993896484375, 293.149993896484375, 293.149993896484375, 293.149993896484375, 293.149993896484375, 293.149993896484375, 293.149993896484375, 293.149993896484375, 293.149993896484375, 293.149993896484375, 293.149993896484375, 293.1500244140625, 293.1500244140625, 293.1500244140625, 293.1500244140625, 293.1500244140625, 293.1500244140625, 293.1500244140625, 293.150054931640625, 293.150054931640625, 293.150054931640625, 293.150054931640625, 293.15008544921875, 293.15008544921875, 293.15008544921875, 293.15008544921875, 293.15008544921875, 293.150115966796875, 293.150115966796875, 293.150115966796875, 293.150115966796875, 293.150115966796875, 293.150115966796875, 293.1500244140625, 293.149871826171875, 293.149658203125, 293.14935302734375, 293.14898681640625, 293.148590087890625, 293.148101806640625, 293.147705078125, 293.327850341796875, 293.734954833984375, 294.260162353515625, 294.867095947265625, 295.53173828125, 296.228118896484375, 296.936676025390625, 297.65240478515625, 298.37451171875, 299.10455322265625, 299.842376708984375, 300.587249755859375, 301.338287353515625, 302.09429931640625, 302.8538818359375, 303.61541748046875, 304.377288818359375, 305.1405029296875, 305.90924072265625, 306.68475341796875, 307.4599609375, 308.218902587890625, 308.93756103515625, 309.587646484375, 310.152679443359375, 310.621490478515625, 310.9609375, 311.01068115234375, 311.0008544921875, 310.990936279296875, 310.98095703125, 310.970916748046875, 310.960784912109375, 310.950592041015625, 310.940338134765625, 310.9300537109375, 310.919677734375, 310.909210205078125, 310.898712158203125, 310.888153076171875, 310.877532958984375, 310.8668212890625, 310.8560791015625, 310.84527587890625, 310.834381103515625, 310.823455810546875, 310.812469482421875, 310.801422119140625, 310.790313720703125, 310.779144287109375, 310.767913818359375, 310.756622314453125, 310.745269775390625, 310.73388671875, 310.722412109375, 310.710906982421875, 310.6993408203125, 310.687713623046875, 310.676025390625, 310.664306640625]
solCol.vol[9].T=[293.149993896484375, 292.187225341796875, 291.296051025390625, 290.47186279296875, 289.70977783203125, 289.00537109375, 288.3544921875, 287.7528076171875, 287.196136474609375, 286.68035888671875, 286.19805908203125, 285.74383544921875, 285.312774658203125, 284.90325927734375, 284.513427734375, 284.14208984375, 283.787628173828125, 283.447357177734375, 283.111846923828125, 282.76806640625, 282.4146728515625, 282.058013916015625, 281.7117919921875, 281.38446044921875, 281.08331298828125, 280.812591552734375, 280.577484130859375, 280.38970947265625, 280.253936767578125, 280.162811279296875, 280.094512939453125, 280.013336181640625, 280.046661376953125, 280.38934326171875, 280.664642333984375, 280.947418212890625, 281.25872802734375, 281.593963623046875, 282.1658935546875, 290.596038818359375, 306.080963134765625, 318.699859619140625, 327.337310791015625, 333.405517578125, 337.802764892578125, 340.9530029296875, 342.500335693359375, 343.60028076171875, 344.548919677734375, 345.586181640625, 346.663726806640625, 347.7196044921875, 348.731658935546875, 349.6910400390625, 350.59039306640625, 351.41552734375, 352.14703369140625, 352.821044921875, 353.685516357421875, 354.75531005859375, 355.698089599609375, 356.057525634765625, 355.26422119140625, 353.037261962890625, 349.266632080078125, 345.006927490234375, 339.2265625, 330.885284423828125, 328.3746337890625, 325.394012451171875, 322.3529052734375, 319.49639892578125, 316.843353271484375, 314.388519287109375, 312.119903564453125, 310.021026611328125, 308.074981689453125, 306.267578125, 304.5870361328125, 303.024017333984375, 301.573089599609375, 300.230316162109375, 298.99041748046875, 297.845062255859375, 296.77978515625, 295.77337646484375, 294.807525634765625, 293.875762939453125, 292.988189697265625, 292.1676025390625, 291.42694091796875, 290.759033203125, 290.139678955078125, 289.546722412109375, 288.969451904296875, 288.404693603515625, 287.85345458984375, 287.31805419921875, 286.80047607421875, 286.3021240234375, 285.824371337890625]
TIn.T=[293.149993896484375, 293.149993896484375, 293.149993896484375, 293.149993896484375, 293.149993896484375, 293.149993896484375, 293.149993896484375, 293.149993896484375, 293.149993896484375, 293.149993896484375, 293.149993896484375, 293.149993896484375, 293.149993896484375, 293.149993896484375, 293.149993896484375, 293.149993896484375, 293.149993896484375, 293.149993896484375, 293.149993896484375, 293.149993896484375, 293.149993896484375, 293.149993896484375, 293.149993896484375, 293.149993896484375, 293.149993896484375, 293.149993896484375, 293.149993896484375, 293.149993896484375, 293.149993896484375, 293.149993896484375, 293.149993896484375, 293.149993896484375, 280.574859619140625, 280.905487060546875, 281.1685791015625, 281.438568115234375, 281.7359619140625, 282.056549072265625, 282.59564208984375, 290.539642333984375, 300.943328857421875, 307.57562255859375, 311.82049560546875, 314.757598876953125, 316.92138671875, 318.54638671875, 319.509033203125, 320.2882080078125, 321.00836181640625, 321.76739501953125, 322.546722412109375, 323.321197509765625, 324.08172607421875, 324.824676513671875, 325.54693603515625, 326.242645263671875, 326.903717041015625, 327.5433349609375, 328.25787353515625, 329.0556640625, 329.80950927734375, 330.342254638671875, 330.427337646484375, 329.934478759765625, 328.77520751953125, 327.33013916015625, 325.135528564453125, 321.587890625, 319.125335693359375, 319.12530517578125, 319.12530517578125, 319.12530517578125, 319.12530517578125, 319.12530517578125, 319.12530517578125, 319.12530517578125, 319.12530517578125, 319.12530517578125, 319.12530517578125, 319.12530517578125, 319.12530517578125, 319.12530517578125, 319.12530517578125, 319.12530517578125, 319.12530517578125, 319.12530517578125, 319.12530517578125, 319.12530517578125, 319.12530517578125, 319.12530517578125, 319.12530517578125, 319.12530517578125, 319.12530517578125, 319.12530517578125, 319.12530517578125, 319.12530517578125, 319.12530517578125, 319.12530517578125, 319.12530517578125, 319.12530517578125, 319.12530517578125]
time=[0., 86400.]
pumCon.y=[0., 0., 0., 0., 0., 0., 0., 0., 0., 0., 0., 0., 0., 0., 0., 0., 0., 0., 0., 0., 0., 0., 0., 0., 0., 0., 0., 0., 0., 0., 0., 0., 1., 1., 1., 1., 1., 1., 1., 1., 1., 1., 1., 1., 1., 1., 1., 1., 1., 1., 1., 1., 1., 1., 1., 1., 1., 1., 1., 1., 1., 1., 1., 1., 1., 1., 1., 1., 0., 0., 0., 0., 0., 0., 0., 0., 0., 0., 0., 0., 0., 0., 0., 0., 0., 0., 0., 0., 0., 0., 0., 0., 0., 0., 0., 0., 0., 0., 0., 0., 0.]
