last-generated=2016-10-03
statistics-initialization=
{
  "numerical Jacobians": "0", 
  "nonlinear": "1, 1"
}
statistics-simulation=
{
  "numerical Jacobians": "0", 
  "nonlinear": "0, 1", 
  "number of continuous time states": "11", 
  "linear": " "
}
solCol.vol[3].T=[293.149993896484375, 292.8248291015625, 292.570556640625, 292.58123779296875, 292.67877197265625, 292.735565185546875, 292.76751708984375, 292.785797119140625, 292.79541015625, 292.798095703125, 292.79327392578125, 292.78009033203125, 292.757720947265625, 292.72467041015625, 292.676055908203125, 292.600677490234375, 292.4764404296875, 292.138031005859375, 286.99462890625, 283.3861083984375, 283.074005126953125, 283.070587158203125, 283.07427978515625, 283.077667236328125, 283.08062744140625, 283.0830078125, 283.08575439453125, 283.089508056640625, 283.09326171875, 283.095306396484375, 283.09234619140625, 283.079864501953125, 283.05548095703125, 283.010345458984375, 282.869354248046875, 283.831756591796875, 289.597015380859375, 292.390594482421875, 292.7279052734375, 292.78985595703125, 294.200927734375, 307.663787841796875, 315.6787109375, 317.3480224609375, 318.610870361328125, 320.061065673828125, 321.45037841796875, 323.8458251953125, 327.72802734375, 334.16363525390625, 346.707366943359375, 351.3446044921875, 310.701416015625, 299.40765380859375, 296.831634521484375, 295.548675537109375, 294.776092529296875, 294.332427978515625, 294.209442138671875, 294.302154541015625, 294.51287841796875, 294.754364013671875, 294.919403076171875, 295.019805908203125, 295.021881103515625, 295.614776611328125, 295.912384033203125, 296.40936279296875, 305.19461059570318184342, 302.45321655273448868684, 294.26358032226568184342, 292.908294677734375, 292.87164306640625, 292.88873291015625, 292.900115966796875, 292.90557861328125, 292.904205322265625, 292.8970947265625, 292.884521484375, 292.86572265625, 292.839080810546875, 292.801422119140625, 292.7437744140625, 292.64398193359375, 291.619232177734375, 285.260284423828125, 283.256439208984375, 283.1396484375, 283.13470458984375, 283.136688232421875, 283.140625, 283.143218994140625, 283.142333984375, 283.138519287109375, 283.1334228515625, 283.127349853515625, 283.120452880859375, 283.11199951171875, 283.10107421875, 283.08306884765625, 283.0416259765625]
solCol.vol[9].T=[293.149993896484375, 293.025390625, 293.059844970703125, 293.078216552734375, 293.087432861328125, 293.0928955078125, 293.09625244140625, 293.098236083984375, 293.099151611328125, 293.09906005859375, 293.0977783203125, 293.095184326171875, 293.091094970703125, 293.085052490234375, 293.07562255859375, 293.059173583984375, 293.021575927734375, 292.773101806640625, 292.12701416015625, 289.635345458984375, 284.643157958984375, 283.0389404296875, 282.923828125, 282.932281494140625, 282.940093994140625, 282.947998046875, 282.955841064453125, 282.9656982421875, 282.976470947265625, 282.984771728515625, 282.98388671875, 282.96429443359375, 282.920654296875, 282.84954833984375, 289.34228515625005684342, 292.86163330078125, 293.067535400390625, 293.086212158203125, 293.094573974609375, 293.103179931640625, 293.73321533203125, 296.264801025390625, 296.558807373046875, 296.730560302734375, 296.925933837890625, 297.163970947265625, 297.397216796875, 297.890289306640625, 298.728759765625, 300.4337158203125, 306.830596923828125, 343.77008056640625, 377.078216552734375, 358.052886962890625, 330.613037109375, 322.06625366210931815658, 318.735076904296875, 316.899169921875, 316.093353271484375, 316.080657958984375, 316.541046142578125, 317.19757080078125, 317.756622314453125, 318.10479736328125, 318.10906982421875, 318.83868408203125, 319.636138916015625, 310.854705810546875, 294.48858642578119315658, 293.132720947265625, 293.105316162109375, 293.1080322265625, 293.11102294921875, 293.1131591796875, 293.11444091796875, 293.11474609375, 293.1141357421875, 293.112701416015625, 293.110443115234375, 293.10711669921875, 293.10223388671875, 293.0948486328125, 293.08160400390625, 293.044342041015625, 292.760406494140625, 292.12689208984375, 288.24908447265625, 283.997802734375, 283.155609130859375, 283.109344482421875, 283.11712646484375, 283.126007080078125, 283.127685546875, 283.12042236328125, 283.108001708984375, 283.09197998046875, 283.073638916015625, 283.052093505859375, 283.026336669921875, 282.991851806640625, 282.9376220703125]
solCol.vol[6].T=[293.149993896484375, 292.84381103515625, 292.7645263671875, 292.8433837890625, 292.8919677734375, 292.91796875, 292.933502197265625, 292.94256591796875, 292.947113037109375, 292.94775390625, 292.94384765625, 292.9349365234375, 292.92047119140625, 292.899169921875, 292.867095947265625, 292.814697265625, 292.718902587890625, 292.439300537109375, 291.275238037109375, 285.9547119140625, 283.244537353515625, 282.997344970703125, 282.997772216796875, 283.0047607421875, 283.01080322265625, 283.0157470703125, 283.021026611328125, 283.027984619140625, 283.035400390625, 283.0404052734375, 283.03765869140625, 283.01959228515625, 282.982177734375, 282.9193115234375, 282.9918212890625, 288.46469116210931815658, 292.414947509765625, 292.86956787109375, 292.92181396484375, 292.9508056640625, 294.19732666015625, 303.681427001953125, 306.52239990234375, 307.222686767578125, 307.968841552734375, 308.853668212890625, 309.67938232421875, 311.330047607421875, 314.0086669921875, 318.793853759765625, 329.859771728515625, 361.162261962890625, 357.269134521484375, 322.771453857421875, 311.775634765625, 308.401336669921875, 306.601165771484375, 305.55810546875, 305.171051025390625, 305.26568603515625, 305.63531494140625, 306.1009521484375, 306.45947265625, 306.6749267578125, 306.64300537109375, 307.407440185546875, 308.092620849609375, 308.399322509765625, 307.01797485351551131316, 295.24810791015630684342, 293.05816650390625, 292.9813232421875, 292.9923095703125, 293.001678466796875, 293.00762939453125, 293.009796142578125, 293.008148193359375, 293.003265380859375, 292.995208740234375, 292.983245849609375, 292.966094970703125, 292.941131591796875, 292.900421142578125, 292.81866455078125, 292.543182373046875, 290.221282958984375, 284.74346923828125, 283.223419189453125, 283.12286376953125, 283.12255859375, 283.12945556640625, 283.135284423828125, 283.1351318359375, 283.128875732421875, 283.11956787109375, 283.108123779296875, 283.095123291015625, 283.07965087890625, 283.06048583984375, 283.03271484375, 282.98284912109375]
time=[0., 86400.]
solCol.m_flow=[0., -0.03683869168162345886, -0.05163431912660598755, -0.06229501217603683472, -0.07041136175394058228, -0.07654553651809692383, -0.08095130324363708496, -0.08375476300716400146, -0.08501824736595153809, -0.08476606011390686035, -0.08299352973699569702, -0.07966528832912445068, -0.0747018083930015564, -0.06794465333223342896, -0.05906818062067029779, -0.04730774462223052979, -0.03012827038764953613, 0.02132495492696767983, 0.04243948683142662048, 0.05553072318434715271, 0.06524547934532165527, 0.07266001403331756592, 0.07819817960262298584, 0.08205977827310562134, 0.08434519171714782715, 0.08510225266218185425, 0.08434519171714782715, 0.08205977827310562134, 0.07819817960262297196, 0.07266001403331756592, 0.06524547934532165527, 0.05553072318434715271, 0.04243948683142662048, 0.02132495492696762085, -0.03012827038764962287, -0.04730774462223046734, -0.0590681806206703186, -0.06794465333223342896, -0.0747018083930015564, -0.07966528832912445068, -0.08299352973699569702, -0.08476606011390686035, -0.08501824736595153809, -0.08375476300716400146, -0.08095130324363708496, -0.07654553651809692383, -0.07041136175394058228, -0.06229501217603683472, -0.05163431912660598755, -0.03683869168162345886, 0., 0.03683869168162345886, 0.05163431912660598755, 0.06229501217603683472, 0.07041136175394058228, 0.07654553651809696546, 0.08095130324363711272, 0.08375476300716398759, 0.08501824736595153809, 0.08476606011390686035, 0.08299352973699569702, 0.07966528832912445068, 0.0747018083930015564, 0.06794465333223342896, 0.0590681806206703186, 0.04730774462223052979, 0.03012827038764953613, -0.02132495492696762085, -0.04243948683142674538, -0.05553072318434705557, -0.06524547934532158588, -0.07266001403331756592, -0.07819817960262298584, -0.08205977827310562134, -0.08434519171714782715, -0.08510225266218185425, -0.08434519171714782715, -0.08205977827310562134, -0.07819817960262298584, -0.07266001403331756592, -0.06524547934532165527, -0.05553072318434715271, -0.04243948683142662048, -0.02132495492696762085, 0.03012827038764953613, 0.04730774462223052979, 0.0590681806206703186, 0.06794465333223342896, 0.0747018083930015564, 0.07966528832912445068, 0.08299352973699569702, 0.08476606011390686035, 0.08501824736595153809, 0.08375476300716400146, 0.08095130324363708496, 0.07654553651809692383, 0.07041136175394058228, 0.06229501217603683472, 0.05163431912660598755, 0.03683869168162345886, 0.]
