last-generated=2016-10-03
statistics-initialization=
{
  "linear": "4"
}
statistics-simulation=
{
  "numerical Jacobians": "0", 
  "nonlinear": " ", 
  "number of continuous time states": "4", 
  "linear": "0, 3, 0"
}
thermalZoneTwoElements.TAir=[295.149993896484375, 297.00360717773435226263, 292.13463134765623863132, 293.9669189453125, 297.43216552734372726263, 293.465362548828125, 295.09295043945314773737, 297.17540283203123863132, 294.70465087890625, 296.66814575195314773737, 300.68157958984375, 296.297393798828125, 297.56324462890626136868, 304.25007934570311363132, 299.31530151367189773737, 301.833831787109375, 305.48956298828125, 302.72960815429689773737, 308.68720703125001136868, 306.22407226562501136868, 307.765350341796875, 310.839080810546875, 306.67747192382813636868, 303.88333740234372726263, 311.57244262695314773737, 310.95269775390625, 310.56687011718747726263, 311.97090454101561363132, 309.05692749023438636868, 310.46825561523439773737, 318.86651611328125, 310.92900390624998863132, 314.41746826171873863132, 323.66569213867188636868, 316.9783935546875, 318.218536376953125, 324.17476806640627273737, 313.28089599609376136868, 316.53876342773435226263, 321.48069458007813636868, 315.73797607421875, 319.57570190429686363132, 323.52512207031247726263, 321.28173217773439773737, 326.42960205078122726263, 319.85223388671875, 314.18143310546872726263, 317.86365966796876136868, 314.49498901367189773737, 315.14635620117189773737, 324.917266845703125, 316.78908691406252273737, 317.71182861328122726263, 324.45469970703123863132, 316.27501831054689773737, 315.47381591796875, 323.94035644531248863132, 317.35339965820310226263, 319.78712768554686363132, 325.35283813476564773737, 319.385223388671875, 325.19629516601560226263, 315.76068725585935226263, 313.798187255859375, 319.41260375976560226263, 311.368896484375, 313.01636352539060226263, 319.10272827148435226263, 312.91029663085936363132, 314.61446533203127273737, 317.257568359375, 313.22932739257811363132, 312.50175781249998863132, 317.09072265625002273737, 307.31978149414061363132, 308.07452392578125, 315.95158691406248863132, 307.79169921875001136868, 311.82856445312501136868, 313.77503662109376136868, 308.1514892578125, 309.81365966796875, 305.34987792968752273737, 304.11683959960936363132, 307.73136596679688636868, 299.76806640625, 298.79136962890623863132, 303.95158081054688636868, 298.87628784179685226263, 301.70144042968752273737, 303.54290771484375, 298.717620849609375, 298.61060791015626136868, 299.45920410156247726263, 294.884552001953125, 295.894561767578125, 297.017974853515625, 294.29546508789064773737, 298.07282714843751136868, 296.21097412109372726263, 294.828765869140625]
time=[0., 31536000.]
