last-generated=2016-03-15
statistics-initialization=
{
  "numerical Jacobians": "0", 
  "nonlinear": "11, 11, 1"
}
statistics-simulation=
{
  "numerical Jacobians": "0", 
  "nonlinear": "1, 11, 0", 
  "number of continuous time states": "31", 
  "linear": "0, 0, 0, 0, 0, 0, 0"
}
TOut.T=[260.95001220703125, 260.867645263671875, 260.93426513671875, 261.153564453125, 261.40643310546875, 261.691741943359375, 261.986602783203125, 262.101104736328125, 262.02996826171875, 262.211181640625, 262.5067138671875, 262.54998779296875, 262.54998779296875, 262.54998779296875, 262.54998779296875, 262.587554931640625, 262.890106201171875, 263.27764892578125, 263.746063232421875, 264.46923828125, 265.589202880859375, 266.58599853515625, 267.402008056640625, 268.217987060546875, 269.03399658203125, 269.850006103515625, 270.45587158203125, 270.90692138671875, 271.553253173828125, 272.036468505859375, 272.04998779296875, 272.04998779296875, 272.04998779296875, 272.04998779296875, 272.04998779296875, 272.04998779296875, 271.967559814453125, 271.616485595703125, 271.3160400390625, 271.072998046875, 271.007659912109375, 271.73651123046875, 272.0211181640625, 271.622711181640625, 271.485992431640625, 271.877532958984375, 272.02783203125, 271.7281494140625, 271.43621826171875, 271.447418212890625, 271.45001220703125, 270.406707763671875, 269.270416259765625, 269.675384521484375, 270.33697509765625, 270.148712158203125, 269.861602783203125, 269.929931640625, 270.210601806640625, 270.865753173828125, 271.83941650390625, 272.10076904296875, 272.018341064453125, 272.1641845703125, 272.43658447265625, 272.565704345703125, 272.480224609375, 272.64599609375, 272.933990478515625, 273.22198486328125, 273.510009765625, 273.81060791015625, 274.46356201171875, 274.850006103515625, 274.850006103515625, 274.850006103515625, 274.850006103515625, 274.850006103515625, 274.278656005859375, 273.25982666015625, 272.745880126953125, 272.534820556640625, 272.903228759765625, 273.61907958984375, 273.848876953125, 273.816558837890625, 273.444549560546875, 272.66290283203125, 272.744842529296875, 273.461639404296875, 273.85076904296875, 274.079010009765625, 274.34466552734375, 274.63348388671875, 274.920440673828125, 275.1761474609375, 275.335906982421875, 274.09442138671875, 273.149993896484375, 273.149993896484375, 273.149993896484375]
boi.vol.T=[293.149993896484375, 343.219940185546875, 343.20703125, 343.199798583984375, 343.195343017578125, 343.192840576171875, 343.19146728515625, 343.190460205078125, 343.189239501953125, 343.189056396484375, 343.44732666015625, 344.3477783203125, 346.219390869140625, 348.10009765625, 349.9844970703125, 351.955322265625, 355.245147705078125, 345.09594726562460209607, 347.30224609375, 360.983154296875, 355.092193603515625, 349.47467041015625, 345.6551513671875, 346.12542724609375, 350.285247802734375, 353.028839111328125, 355.045257568359375, 356.798126220703125, 358.27581787109340893949, 359.832611083984375, 361.8128662109375, 361.773040771484375, 359.501007080078125, 357.323089599609375, 355.25112915039096606051, 353.29971313476534078291, 351.444732666015625, 349.808929443359375, 360.723052978515625, 357.141937255859375, 347.697540283203125, 351.625213623046875, 361.359588623046875, 352.956390380859375, 345.8448486328125, 355.05133056640625, 359.534576416015625, 351.621826171875, 344.75787353515625, 360.630279541015625, 355.078826904296875, 346.017608642578125, 356.6107177734375, 345.67034912109375, 357.505096435546875, 346.58560180664090921709, 359.80911254882846606051, 347.36901855468710209607, 361.950775146484375, 351.276275634765625, 344.667633056640625, 355.448516845703125, 359.212677001953125, 352.142059326171875, 346.945526123046875, 347.70904541015625, 359.50396728515625, 361.1500244140625, 356.18048095703051103555, 355.81182861328181843419, 357.64346313476619343419, 359.90362548828125, 363.065887451171875, 357.285308837890625, 352.15875244140625, 347.418304443359375, 344.284088134765625, 348.621185302734375, 351.71612548828125, 353.967529296875, 355.959716796875, 357.8294677734375, 359.55841064453125, 361.6552734375, 360.345794677734375, 356.4608154296875, 353.127471923828125, 350.878631591796875, 355.823455810546875, 356.535552978515625, 362.229766845703125, 359.66851806640625, 356.27294921875, 353.427154541015625, 351.072845458984375, 349.038543701171875, 347.1507568359375, 344.940948486328125, 350.178192138671875, 358.705902099609375, 360.174713134765625]
vol.T_start=[293.149993896484375, 293.149993896484375]
vol.T=[293.149993896484375, 282.1297607421875, 286.227691650390625, 288.55450439453125, 289.90704345703125, 290.752899169921875, 291.34332275390625, 291.74029541015625, 291.9095458984375, 292.04852294921875, 292.231842041015625, 292.230682373046875, 292.23126220703125, 292.231201171875, 292.231109619140625, 292.233642578125, 292.250946044921875, 292.243621826171875, 292.561920166015625, 292.663848876953125, 292.74462890625, 292.746307373046875, 292.771331787109375, 292.827117919921875, 292.891265869140625, 292.95635986328125, 293.006195068359375, 293.046417236328125, 293.09613037109375, 293.128875732421875, 293.12933349609375, 293.12432861328125, 293.11444091796875, 293.100341796875, 293.08319091796875, 293.06463623046875, 293.041259765625, 293.00665283203125, 292.638580322265625, 292.701324462890625, 292.653717041015625, 292.71307373046875, 292.763336181640625, 292.729522705078125, 292.67279052734375, 292.728759765625, 292.76959228515625, 292.72314453125, 292.67138671875, 292.71466064453125, 292.733428955078125, 292.610931396484375, 292.609039306640625, 292.59771728515625, 292.674835205078125, 292.60198974609375, 292.633392333984375, 292.593414306640625, 292.64813232421875, 292.67724609375, 292.69464111328125, 292.74041748046875, 292.769927978515625, 292.751129150390625, 292.7208251953125, 292.742034912109375, 292.7764892578125, 293.067901611328125, 293.127227783203125, 293.171173095703125, 293.208587646484375, 293.235748291015625, 293.267486572265625, 293.254852294921875, 293.21405029296875, 293.1826171875, 293.1748046875, 293.192108154296875, 293.1868896484375, 293.15576171875, 293.14691162109375, 293.149993896484375, 293.1829833984375, 293.222747802734375, 293.21826171875, 293.18963623046875, 293.1376953125, 293.0732421875, 292.712249755859375, 292.82000732421875, 292.874542236328125, 292.894073486328125, 292.89703369140625, 292.88916015625, 292.879180908203125, 292.872589111328125, 292.869049072265625, 292.796234130859375, 292.781982421875, 292.817413330078125, 292.83758544921875]
time=[0., 172800.]
TSetBoiRet.y=[333.149993896484375, 333.149993896484375]
temRet.T=[293.149993896484375, 333.1806640625, 333.168426513671875, 333.16131591796875, 333.156982421875, 333.154510498046875, 333.1531982421875, 333.15216064453125, 333.150970458984375, 333.15081787109375, 333.4339599609375, 334.377593994140625, 336.2564697265625, 338.13726806640625, 340.0218505859375, 342.009490966796875, 345.379638671875, 337.42871093749954525265, 338.15423583984375, 355.32879638671875, 347.209381103515625, 341.26959228515625, 337.52984619140625, 342.098602294921875, 346.58172607421875, 349.665252685546875, 351.926483154296875, 353.845855712890625, 355.55422973632778393949, 357.2265625, 357.67816162109375, 355.328155517578125, 352.92132568359375, 350.58721923828125, 348.33273315429727290393, 346.19839477539039762632, 344.167572021484375, 342.322967529296875, 354.86767578125, 348.968017578125, 339.151611328125, 347.27386474609375, 353.53741455078125, 344.848114013671875, 337.366790771484375, 350.681976318359375, 351.763702392578125, 343.3916015625, 336.93243408203125, 355.52490234375, 347.101654052734375, 337.342681884765625, 348.16802978515625, 340.9720458984375, 349.3779296875, 337.90811157226596606051, 351.42514038085965921709, 338.603790283203125, 353.60833740234375, 342.9344482421875, 337.204803466796875, 351.096832275390625, 351.448089599609375, 344.05584716796875, 338.6768798828125, 343.375030517578125, 355.3580322265625, 359.463836669921875, 353.50875854492107919214, 353.32046508789090921709, 355.30484008789079553026, 357.649749755859375, 357.1322021484375, 351.013671875, 345.506134033203125, 340.532257080078125, 341.178497314453125, 345.745574951171875, 348.98602294921875, 351.28363037109375, 353.35260009765625, 355.2557373046875, 357.158416748046875, 358.28076171875, 354.12188720703125, 349.92803955078125, 346.224853515625, 343.63409423828125, 351.281524658203125, 352.52557373046875, 356.200164794921875, 352.412078857421875, 348.8992919921875, 345.850067138671875, 343.298309326171875, 341.14154052734375, 339.28521728515625, 337.228057861328125, 345.98773193359375, 354.82781982421875, 352.68902587890625]
TSetSup.y=[308.649993896484375, 323.149993896484375, 323.149993896484375, 323.149993896484375, 323.149993896484375, 323.149993896484375, 323.149993896484375, 323.149993896484375, 323.149993896484375, 323.149993896484375, 321.963134765625, 321.980316162109375, 321.97174072265625, 321.9727783203125, 321.9737548828125, 321.937042236328125, 321.686248779296875, 321.79241943359380684342, 317.1773681640625, 315.699127197265625, 314.527923583984375, 314.50360107421875, 314.1407470703125, 313.331695556640625, 312.40155029296875, 311.4578857421875, 310.734954833984375, 310.15191650390625, 309.43112182617193184342, 308.956451416015625, 308.94952392578125, 309.02203369140625, 309.1656494140625, 309.37017822265625, 309.61877441406244315658, 309.8876953125, 310.226593017578125, 310.728668212890625, 316.065582275390625, 315.1558837890625, 315.84613037109375, 314.985382080078125, 314.256439208984375, 314.746826171875, 315.56951904296875, 314.7578125, 314.165924072265625, 314.839385986328125, 315.590087890625, 314.96246337890625, 314.690460205078125, 316.466583251953125, 316.4940185546875, 316.658172607421875, 315.539764404296875, 316.59597778320306815658, 316.140960693359375, 316.7205810546875, 315.92694091796875, 315.504791259765625, 315.25250244140625, 314.5889892578125, 314.161102294921875, 314.43359375, 314.873138427734375, 314.565521240234375, 314.06585693359375, 309.8404541015625, 308.98031616210943184342, 308.34289550781244315658, 307.80047607421875, 307.406707763671875, 306.9464111328125, 307.1297607421875, 307.7213134765625, 308.17718505859375, 308.29046630859375, 308.0394287109375, 308.11492919921875, 308.56640625, 308.694915771484375, 308.6502685546875, 308.171783447265625, 307.595001220703125, 307.660064697265625, 308.075469970703125, 308.82861328125, 309.763214111328125, 314.9971923828125, 313.43511962890625, 312.6441650390625, 312.360748291015625, 312.318206787109375, 312.43218994140625, 312.577056884765625, 312.67230224609375, 312.723876953125, 313.77978515625, 313.986328125, 313.472412109375, 313.180084228515625]
temSup.T=[293.149993896484375, 308.239501953125, 314.287109375, 317.523712158203125, 319.344696044921875, 320.43048095703125, 321.1439208984375, 321.639190673828125, 321.908355712890625, 322.0523681640625, 321.953460693359375, 321.9930419921875, 321.985443115234375, 321.98541259765625, 321.98529052734375, 321.95220947265625, 321.711334228515625, 319.53399658203130684342, 317.25, 315.817138671875, 314.864959716796875, 314.638641357421875, 313.90179443359375, 312.834991455078125, 311.983489990234375, 311.11724853515625, 310.50469970703125, 310.079376220703125, 309.482391357421875, 309.179229736328125, 309.421295166015625, 309.5457763671875, 309.712127685546875, 309.8883056640625, 310.088653564453125, 310.263885498046875, 310.479888916015625, 310.86553955078125, 315.4154052734375, 315.39483642578125, 315.86224365234375, 314.6297607421875, 314.441741943359375, 315.038421630859375, 315.413818359375, 314.557403564453125, 314.402923583984375, 315.114532470703125, 315.10101318359375, 315.0439453125, 314.992156982421875, 316.233123779296875, 316.662841796875, 316.199951171875, 315.760345458984375, 316.441680908203125, 316.264739990234375, 316.69183349609369315658, 316.03851318359375, 315.76519775390625, 314.744049072265625, 314.388397216796875, 314.40972900390625, 314.73858642578125, 314.726226806640625, 314.107177734375, 314.04376220703125, 306.056243896484375, 308.30224609375011368684, 308.123138427734375, 307.85931396484380684342, 307.7188720703125, 307.568450927734375, 307.687286376953125, 308.054443359375, 308.162994384765625, 307.80133056640625, 307.47857666015625, 307.6168212890625, 308.24017333984375, 308.54156494140625, 308.695098876953125, 308.408203125, 308.151641845703125, 308.248443603515625, 308.601959228515625, 309.178802490234375, 309.994384765625, 313.921112060546875, 313.249359130859375, 312.878753662109375, 312.722259521484375, 312.7369384765625, 312.797119140625, 312.82415771484375, 312.772064208984375, 312.58331298828125, 313.279571533203125, 313.60162353515625, 313.363433837890625, 313.470184326171875]
