last-generated=2016-10-03
statistics-initialization=
{
  "numerical Jacobians": "0", 
  "nonlinear": "1, 1, 1, 1, 1, 1, 1, 1, 1, 1, 1, 1, 1, 1, 1, 1, 1, 1, 1, 1, 1, 1, 1, 1, 1, 1, 2"
}
statistics-simulation=
{
  "numerical Jacobians": "0", 
  "nonlinear": "1, 1, 1, 1, 1, 1, 1, 1, 1, 1, 1, 1, 1, 1, 1, 1, 1, 1, 1, 1, 1, 1, 1, 1, 1, 1", 
  "number of continuous time states": "61", 
  "linear": "0, 0, 0, 0, 0, 0"
}
weaDat.weaBus.TDryBul=[280.350006103515625, 283.54840087890625, 277.0389404296875, 283.149993896484375, 285.53277587890625, 285.95001220703125, 286.32635498046875, 282.0830078125, 278.66326904296875, 281.53265380859375, 285.95001220703125, 281.751190185546875, 288.5028076171875, 287.977996826171875, 286.683685302734375, 284.649993896484375, 283.225311279296875, 285.271087646484375, 290.52679443359375, 285.869384765625, 283.75, 288.589996337890625, 280.052581787109375, 283.75, 290.37841796875, 286.45001220703125, 283.149993896484375, 288.75, 287.561798095703125, 286.465728759765625, 292.04998779296875, 282.04345703125, 285.165191650390625, 299.476837158203125, 283.135589599609375, 285.95001220703125, 292.571319580078125, 289.16058349609375, 290.01678466796875, 288.9595947265625, 284.25, 288.575775146484375, 288.970428466796875, 287.04998779296875, 291.5001220703125, 284.850006103515625, 285.293914794921875, 289.25, 285.95001220703125, 288.390472412109375, 292.75, 285.988006591796875, 289.1083984375, 293.052398681640625, 288.149993896484375, 289.649993896484375, 290.348175048828125, 286.45001220703125, 292.269989013671875, 290.55999755859375, 287.54998779296875, 296.823577880859375, 286.503662109375, 289.3653564453125, 293.510009765625, 286.45001220703125, 287.54998779296875, 292.04998779296875, 284.937286376953125, 289.62054443359375, 292.54998779296875, 285.34344482421875, 288.0203857421875, 293.984527587890625, 288.75, 287.54998779296875, 291.873321533203125, 286.32818603515625, 291.170013427734375, 290.05560302734375, 287.54998779296875, 289.7840576171875, 285.061431884765625, 284.2689208984375, 287.04998779296875, 284.850006103515625, 287.220001220703125, 289.470001220703125, 284.70697021484375, 287.12030029296875, 287.54998779296875, 282.4481201171875, 285.350006103515625, 286.45001220703125, 281.257293701171875, 282.54998779296875, 283.995452880859375, 282.54998779296875, 285.468414306640625, 279.6802978515625, 284.54998779296875]
time=[0., 31536000.]
pla.sta_a.T=[293.149993896484375, 284.833953857421875, 284.442596435546875, 283.56787109375, 285.149993896484375, 285.149993896484375, 283.893829345703125, 284.761566162109375, 284.989532470703125, 285.15435791015625, 285.149993896484375, 284.939849853515625, 289.149993896484375, 287.139404296875, 287.264984130859375, 285.149993896484375, 285.149993896484375, 289.0484619140625, 289.149993896484375, 285.149993896484375, 289.135101318359375, 288.874267578125, 285.149993896484375, 283.087158203125, 289.149993896484375, 289.14984130859375, 287.643890380859375, 285.156951904296875, 289.1495361328125, 288.640106201171875, 289.149993896484375, 289.14862060546875, 289.05535888671875, 289.149993896484375, 289.089263916015625, 289.1497802734375, 289.149993896484375, 289.149993896484375, 289.149993896484375, 289.149993896484375, 288.377838134765625, 289.149993896484375, 289.149993896484375, 289.149993896484375, 289.149993896484375, 288.15185546875, 289.14947509765625, 289.149993896484375, 289.14434814453125, 289.149993896484375, 289.149993896484375, 289.149993896484375, 289.149993896484375, 289.149993896484375, 289.14923095703125, 289.149993896484375, 289.149993896484375, 289.149871826171875, 289.149993896484375, 289.149993896484375, 289.149993896484375, 289.149993896484375, 289.04205322265625, 289.149993896484375, 289.149993896484375, 289.07659912109375, 289.149993896484375, 289.149993896484375, 289.141815185546875, 289.149993896484375, 289.149993896484375, 289.149993896484375, 289.149993896484375, 289.149993896484375, 289.149993896484375, 289.146942138671875, 289.149993896484375, 289.149993896484375, 289.149993896484375, 289.149993896484375, 289.149993896484375, 289.149993896484375, 288.19866943359375, 288.43609619140625, 289.149993896484375, 285.149993896484375, 289.14984130859375, 289.149993896484375, 288.671173095703125, 289.11651611328125, 285.2210693359375, 284.57366943359375, 283.930816650390625, 285.149993896484375, 285.127349853515625, 285.149993896484375, 285.149993896484375, 284.945648193359375, 285.149993896484375, 285.149993896484375, 285.149993896484375]
watTem.y[1]=[284.816680908203125, 284.333953857421875, 283.942596435546875, 283.706878662109375, 283.691162109375, 283.8516845703125, 284.045623779296875, 284.261566162109375, 284.489532470703125, 284.719512939453125, 284.94158935546875, 285.145751953125, 285.322052001953125, 285.470062255859375, 285.61492919921875, 285.758544921875, 285.90057373046875, 286.040771484375, 286.1788330078125, 286.314453125, 286.447418212890625, 286.56365966796875, 286.63775634765625, 286.689971923828125, 286.74273681640625, 286.818511962890625, 286.93975830078125, 287.13812255859375, 287.47802734375, 287.90557861328125, 288.344512939453125, 288.718841552734375, 289.055755615234375, 289.387054443359375, 289.6651611328125, 289.845245361328125, 289.976318359375, 290.099334716796875, 290.2210693359375, 290.348419189453125, 290.48345947265625, 290.6195068359375, 290.755218505859375, 290.889556884765625, 291.020843505859375, 291.148040771484375, 291.273162841796875, 291.398284912109375, 291.52996826171875, 291.70965576171875, 291.894927978515625, 292.019775390625, 292.03887939453125, 292.03887939453125, 292.03887939453125, 292.03887939453125, 292.03887939453125, 292.03887939453125, 292.03887939453125, 292.03887939453125, 292.03887939453125, 292.03887939453125, 292.03887939453125, 292.03887939453125, 292.03887939453125, 292.03887939453125, 292.03887939453125, 292.03887939453125, 292.03887939453125, 292.02520751953125, 291.93231201171875, 291.783294677734375, 291.61578369140625, 291.466949462890625, 291.33465576171875, 291.197479248046875, 291.047271728515625, 290.8677978515625, 290.542877197265625, 290.108795166015625, 289.659515380859375, 289.289031982421875, 289.006317138671875, 288.727752685546875, 288.454559326171875, 288.188812255859375, 287.932586669921875, 287.687957763671875, 287.454345703125, 287.222412109375, 286.991455078125, 286.761810302734375, 286.53387451171875, 286.308013916015625, 286.084625244140625, 285.86407470703125, 285.646697998046875, 285.432891845703125, 285.223052978515625, 285.01751708984375, 284.816680908203125]
pla.sta_b.T=[293.149993896484375, 285.149993896484375, 285.149993896484375, 285.149993896484375, 285.149993896484375, 285.149993896484375, 285.149993896484375, 285.149993896484375, 285.149993896484375, 285.15435791015625, 285.149993896484375, 285.149993896484375, 289.149993896484375, 287.139404296875, 287.264984130859375, 285.149993896484375, 285.149993896484375, 289.0484619140625, 289.149993896484375, 285.149993896484375, 289.135101318359375, 288.874267578125, 285.149993896484375, 285.149993896484375, 289.149993896484375, 289.14984130859375, 287.643890380859375, 285.156951904296875, 289.1495361328125, 288.640106201171875, 289.149993896484375, 289.14862060546875, 289.05535888671875, 289.149993896484375, 289.089263916015625, 289.1497802734375, 289.476318359375, 289.149993896484375, 289.51678466796875, 289.149993896484375, 288.377838134765625, 289.149993896484375, 289.149993896484375, 289.149993896484375, 290.520843505859375, 288.15185546875, 289.14947509765625, 289.149993896484375, 289.14434814453125, 289.149993896484375, 289.149993896484375, 289.149993896484375, 289.149993896484375, 291.53887939453125, 289.14923095703125, 289.149993896484375, 289.848175048828125, 289.149871826171875, 291.53887939453125, 290.05999755859375, 289.149993896484375, 291.53887939453125, 289.04205322265625, 289.149993896484375, 291.53887939453125, 289.07659912109375, 289.149993896484375, 291.54351806640625, 289.141815185546875, 289.149993896484375, 291.43231201171875, 289.149993896484375, 289.149993896484375, 290.966949462890625, 289.149993896484375, 289.146942138671875, 290.547271728515625, 289.149993896484375, 290.042877197265625, 289.56298828125, 289.149993896484375, 289.149993896484375, 288.19866943359375, 288.43609619140625, 289.149993896484375, 285.149993896484375, 289.14984130859375, 289.149993896484375, 288.671173095703125, 289.11651611328125, 285.2210693359375, 285.149993896484375, 285.149993896484375, 285.149993896484375, 285.149993896484375, 285.149993896484375, 285.149993896484375, 285.149993896484375, 285.149993896484375, 285.149993896484375, 285.149993896484375]
pla.m_flow=[2.16258549690246582031, 17.2527027130126953125, 14.44576358795166015625, 0.85915303230285644531, 3.23089385032653808594, 76.38409423828125, 0.75702118873596191406, 15.6904010772705078125, 3.22162961959838867188, 52.456272125244140625, -7.29708337783813476562, 1.10986149311065673828, -13.01676273345947265625, -58.767578125, 0.66706621646881103516, 32.031887054443359375, 18.2567424774169921875, 0.23112070560455322266, -63.70542144775390625, 7.72460842132568359375, 0.248561859130859375, -36.631450653076171875, 45.309169769287109375, 0.37694478034973144531, -79.9850311279296875, 5.45909357070922851562, 0.5382964015007019043, -14.5223979949951171875, 16.769824981689453125, 0.71602100133895874023, -74.3597564697265625, 0.92365258932113647461, 40.220966339111328125, -88.06410980224609375, 0.26485267281532287598, 18.35611724853515625, -83.912506103515625, 0.19915224611759185791, -66.48033905029296875, -61.517368316650390625, 0.24989981949329376221, -56.906475067138671875, -61.853466033935546875, 0.20244383811950683594, -70.02686309814453125, 27.3181667327880859375, 0.45268514752388000488, -70.0205535888671875, 7.54778957366943359375, -22.4041423797607421875, 0.29250118136405944824, 0.50319123268127441406, -7.00820302963256835938, -81.4087066650390625, 0.17260000109672546387, -64.4933013916015625, -75.7430267333984375, 0.18436871469020843506, -80.10997772216796875, -85.49602508544921875, 0.18649597465991973877, -90.09059906005859375, -2.79060912132263183594, 0.10554753243923187256, -85.565887451171875, 29.577335357666015625, 0.42234846949577331543, -80.1646881103515625, 55.548603057861328125, 0.45464316010475158691, -85.71623992919921875, 0.34367886185646057129, -53.108676910400390625, -73.56878662109375, 0.16423827409744262695, 0.72184336185455322266, -78.0858306884765625, 0.21060302853584289551, -74.77353668212890625, -58.056949615478515625, 0.17648899555206298828, -69.41181182861328125, 8.95611476898193359375, 0.30753549933433532715, -21.313140869140625, 76.86385345458984375, 4.920124053955078125, -77.6978302001953125, 0.91543245315551757812, 24.31683349609375, -24.8767414093017578125, 0.93390744924545288086, 0.76213872432708740234, 2.49105429649353027344, 1.34518754482269287109, 42.584232330322265625, 4.46614599227905273438, 1.11960148811340332031, 4.480533599853515625, 35.27663421630859375, 2.10075259208679199219]
EEleHea.y=[0., 28225685504., 73948815360., 119469178880., 156048834560., 181501116416., 212790509568., 263606796288., 293593513984., 338172215296., 364557336576., 396000296960., 419998007296., 436099350528., 443691073536., 473324060672., 495011594240., 514150105088., 525574340608., 546499067904., 556759187456., 574355472384., 592190832640., 627417808896., 641801125888., 653177847808., 665174736896., 683917049856., 697922420736., 706891481088., 719986884608., 730626785280., 745223159808., 755926630400., 765688807424., 776613855232., 788738539520., 795678801920., 806384435200., 814927577088., 823690395648., 831434588160., 841157902336., 847324250112., 856716673024., 865349271552., 883234177024., 894795055104., 904702001152., 914285133824., 920177016832., 926931746816., 934380961792., 942385594368., 947873120256., 957975953408., 964893212672., 972939001856., 979603161088., 987080228864., 992947994624., 1000580775936., 1006718418944., 1015794958336., 1022541561856., 1031280787456., 1039477112832., 1047540269056., 1052292612096., 1061381144576., 1068452085760., 1075326812160., 1083163148288., 1089998159872., 1097908158464., 1104657645568., 1114581762048., 1120565985280., 1130294018048., 1138304614400., 1149111107584., 1157603917824., 1169918394368., 1181573840896., 1196629557248., 1217436712960., 1241439141888., 1249710178304., 1263285436416., 1275302117376., 1291081220096., 1310458511360., 1344304185344., 1364217430016., 1401714769920., 1431474012160., 1465391775744., 1494617817088., 1525318156288., 1559199612928., 1584092807168.]
EEleCoo.y=[0., 322471072., 324557536., 338704736., 344665344., 656282112., 1146228992., 1147935232., 1164008320., 1273546368., 1423923840., 1911740928., 3068985856., 8863000576., 12157607936., 12290780160., 12716252160., 17440356352., 21745518592., 23335782400., 29776384000., 32461275136., 33191268352., 33363056640., 36255440896., 42322784256., 48667799552., 49623408640., 54496399360., 59563401216., 64084152320., 66881970176., 73610117120., 77059072000., 85771575296., 90000252928., 98455437312., 109443637248., 125681917952., 130917433344., 147378356224., 151373791232., 170220306432., 192390512640., 208714563584., 217168789504., 222125621248., 231175471104., 245144141824., 261031018496., 293632638976., 302858665984., 323564601344., 351015993344., 374651682816., 390738706432., 406754983936., 437226373120., 458072129536., 494896611328., 522225876992., 562030641152., 583409598464., 608373374976., 627730481152., 650242097152., 665127288832., 694715482112., 720340451328., 747866292224., 768990248960., 803167928320., 826488455168., 850078072832., 871737589760., 892597108736., 904212840448., 924290383872., 935330709504., 944328409088., 955192639488., 961412726784., 969724592128., 974453473280., 979470188544., 979950043136., 983176773632., 986376241152., 992553467904., 996562501632., 997876367360., 998327517184., 998592872448., 999622246400., 1000139522048., 1000334819328., 1000467136512., 1000862908416., 1000938405888., 1000943517696., 1001171058688.]
ETheHea.y=[0., 123577483264., 302073937920., 465913380864., 602112327680., 712521089024., 851515408384., 1049386483712., 1164612599808., 1346108784640., 1451201396736., 1580944457728., 1677113294848., 1752171544576., 1782988931072., 1903277768704., 1990367641600., 2066683133952., 2118777962496., 2216803172352., 2255460761600., 2337746452480., 2412414238720., 2555561115648., 2612266008576., 2662584549376., 2714845052928., 2796838977536., 2853239521280., 2890987470848., 2947298623488., 2996477624320., 3064140922880., 3110913966080., 3146171285504., 3194282311680., 3247378530304., 3274268737536., 3325893017600., 3366449053696., 3397394628608., 3428913774592., 3469494452224., 3486155014144., 3527050264576., 3565625278464., 3648361857024., 3702408609792., 3749306957824., 3793970790400., 3809783578624., 3837469655040., 3869417668608., 3900505063424., 3916355600384., 3961854885888., 3993871581184., 4022726295552., 4048262791168., 4075032674304., 4092539437056., 4115737608192., 4141333610496., 4179214991360., 4206646788096., 4246012166144., 4283244216320., 4315782053888., 4329740959744., 4368387801088., 4395614339072., 4418479587328., 4448268582912., 4474846314496., 4507680899072., 4531822264320., 4578527936512., 4596479557632., 4638320885760., 4680283324416., 4724302020608., 4759030333440., 4827164704768., 4891409907712., 4964032708608., 5059994189824., 5178985021440., 5214419550208., 5284640063488., 5345601650688., 5420727926784., 5502209097728., 5639615545344., 5729782595584., 5897501278208., 6014098735104., 6158392229888., 6277923602432., 6402240151552., 6534223888384., 6633348399104.]
ETheCoo.y=[0., -22810101760., -22994798592., -24224489472., -24745568256., -50443952128., -91358642176., -91509293056., -92905930752., -102319538176., -114980798464., -155251245056., -220302426112., -363749441536., -443575468032., -454543802368., -483970383872., -612284432384., -721287643136., -786283167744., -948031127552., -1037676838912., -1081906298880., -1096707342336., -1197460029440., -1340194947072., -1486867136512., -1534224760832., -1668297785344., -1782181003264., -1898521296896., -1978219233280., -2141472686080., -2234715209728., -2421418885120., -2525549297664., -2684861808640., -2868132708352., -3137252360192., -3233489616896., -3444026376192., -3523111288832., -3725683589120., -3944074969088., -4141027688448., -4265679519744., -4378224754688., -4500306788352., -4659553501184., -4828000419840., -5041122967552., -5178557726720., -5380459986944., -5611610177536., -5793443217408., -6003440484352., -6164150484992., -6408813150208., -6607649374208., -6868140818432., -7082731896832., -7344654647296., -7521288847360., -7770436796416., -7957101150208., -8170743267328., -8337744723968., -8576595132416., -8748907102208., -8992941146112., -9193261105152., -9414098550784., -9645360939008., -9886094065664., -10129467506688., -10338807316480., -10515265880064., -10704324132864., -10865577295872., -11022246084608., -11220678606848., -11356603416576., -11535293349888., -11650348351488., -11782876823552., -11819053744128., -11953582899200., -12032718929920., -12178264424448., -12284477833216., -12336415899648., -12374140518400., -12394489184256., -12463226486784., -12505342541824., -12521582886912., -12532550991872., -12565790851072., -12572340256768., -12572786950144., -12592245374976.]
ETheHotWat.y=[0., 12160105472., 23936032768., 36905562112., 48303157248., 58968436736., 70720184320., 84631191552., 94830387200., 109894877184., 120274812928., 134126575616., 145753538560., 159252938752., 168131313664., 182854909952., 192905887744., 207300329472., 218474790912., 231554695168., 242980962304., 256235601920., 267135631360., 280360288256., 292368547840., 303990865920., 316701868032., 327795474432., 340024492032., 351377424384., 364631064576., 374407430144., 388682842112., 398438498304., 411490189312., 422365954048., 434907971584., 445021159424., 458610540544., 467850756096., 481106755584., 489518923776., 501449555968., 511912116224., 523876827136., 533647589376., 545852817408., 556576669696., 567218536448., 578762178560., 588833161216., 598205399040., 608518406144., 620346474496., 629576761344., 642489253888., 651316101120., 663595712512., 673474936832., 685016940544., 694684549120., 707203891200., 715837997056., 728577015808., 738048147456., 749552140288., 759693901824., 771201105920., 778947788800., 790942056448., 801346879488., 812055855104., 823533830144., 833666023424., 844958138368., 855346118656., 867270590464., 877030866944., 888492523520., 897587871744., 910710669312., 920942608384., 933093310464., 943644213248., 956812623872., 965978226688., 980028162048., 989342531584., 1002043473920., 1013168603136., 1023793823744., 1034313793536., 1047391961088., 1058417737728., 1070814199808., 1083201486848., 1094515687424., 1107090604032., 1118397923328., 1129242558464., 1140483686400.]
