last-generated=2016-03-21
statistics-initialization=
{
  "numerical Jacobians": "0", 
  "nonlinear": "1, 3, 1, 1, 17"
}
statistics-simulation=
{
  "numerical Jacobians": "0", 
  "nonlinear": "1, 0, 1, 3", 
  "number of continuous time states": "37", 
  "linear": "0, 2"
}
wseCon.TWetBul=[284.47528076171875, 283.4466552734375, 282.9915771484375, 282.798675537109375, 284.88775634765625, 287.572265625, 288.3221435546875, 289.50177001953125, 290.6279296875, 288.86553955078125, 287.20843505859375, 286.880279541015625, 284.9833984375, 284.337738037109375, 284.5601806640625, 285.511138916015625, 284.416534423828125, 285.004852294921875, 287.204010009765625, 289.478271484375, 289.906982421875, 290.468902587890625, 289.994354248046875, 292.744110107421875, 290.52978515625, 289.410980224609375, 287.62115478515625, 286.3114013671875, 285.713226318359375, 284.813690185546875, 284.445037841796875, 284.0499267578125, 284.877716064453125, 286.666046142578125, 289.39569091796875, 290.2537841796875, 289.559906005859375, 289.003509521484375, 288.459991455078125, 287.5352783203125, 286.004730224609375, 285.36553955078125, 285.0245361328125, 284.5736083984375, 284.227813720703125, 283.960601806640625, 283.696685791015625, 284.99908447265625, 285.977874755859375, 287.0465087890625, 287.462799072265625, 287.123016357421875, 287.2259521484375, 286.10333251953125, 285.086181640625, 284.3609619140625, 284.02960205078125, 284.019744873046875, 283.584716796875, 283.310455322265625, 284.238433837890625, 286.563812255859375, 288.76409912109375, 289.76483154296875, 291.583648681640625, 291.7010498046875, 289.71600341796875, 287.73846435546875, 285.92474365234375, 285.04888916015625, 284.43548583984375, 284.594390869140625, 284.03204345703125, 283.86297607421875, 283.826385498046875, 284.46234130859375, 286.894287109375, 288.580841064453125, 289.518951416015625, 290.5887451171875, 289.109222412109375, 287.907196044921875, 286.37066650390625, 284.894775390625, 284.029083251953125, 284.108978271484375, 284.40313720703125, 284.260711669921875, 284.019744873046875, 284.175140380859375, 285.7047119140625, 286.4324951171875, 286.81341552734375, 286.933685302734375, 286.60089111328125, 286.3411865234375, 285.88507080078125, 284.645355224609375, 283.81622314453125, 283.7265625, 283.540863037109375]
TAirSup.T=[293.149993896484375, 300.06658935546875, 300.060394287109375, 300.025665283203125, 300.202056884765625, 300.036956787109375, 300.09307861328125, 300.59649658203125, 299.73193359375, 300.49359130859375, 300.036956787109375, 300.09307861328125, 300.596466064453125, 299.73193359375, 300.49359130859375, 300.036956787109375, 300.09307861328125, 300.596466064453125, 299.73193359375, 300.49359130859375, 300.0369873046875, 300.09307861328125, 300.59649658203125, 299.73193359375, 300.49359130859375, 300.0369873046875, 300.09307861328125, 300.59649658203125, 299.73193359375, 300.49359130859375, 300.036956787109375, 300.02392578125, 300.302581787109375, 300.679412841796875, 299.917327880859375, 300.37469482421875, 300.316131591796875, 299.81439208984375, 300.678619384765625, 299.917327880859375, 300.374664306640625, 300.31610107421875, 299.81439208984375, 300.6785888671875, 299.917327880859375, 300.1180419921875, 300.173309326171875, 300.06634521484375, 299.731109619140625, 300.49481201171875, 300.036865234375, 300.09063720703125, 300.596038818359375, 299.731109619140625, 300.49481201171875, 300.036865234375, 300.018829345703125, 300.367584228515625, 300.08416748046875, 300.31158447265625, 300.2781982421875, 300.322998046875, 299.81610107421875, 300.68121337890625, 299.9161376953125, 300.375030517578125, 300.323516845703125, 299.81610107421875, 300.681182861328125, 299.9161376953125, 300.375030517578125, 300.323486328125, 299.201629638671875, 299.980194091796875, 300.173492431640625, 299.982818603515625, 300.321502685546875, 299.815887451171875, 300.680816650390625, 299.91693115234375, 300.375, 300.321502685546875, 299.81585693359375, 300.680816650390625, 300.263153076171875, 300.163177490234375, 300.058837890625, 300.140045166015625, 300.314117431640625, 300.17669677734375, 300.3541259765625, 300.316314697265625, 299.81451416015625, 300.678741455078125, 299.917510986328125, 300.37469482421875, 300.316314697265625, 299.81451416015625, 299.977752685546875, 300.128936767578125, 299.9884033203125]
time=[13046400., 13651200.]
wseCon.y1=[1., 1., 1., 1., 1., 1., 1., 1., 1., 1., 1., 1., 1., 1., 1., 1., 1., 1., 1., 1., 1., 1., 1., 1., 1., 1., 1., 1., 1., 1., 1., 1., 1., 1., 1., 1., 1., 1., 1., 1., 1., 1., 1., 1., 1., 1., 1., 1., 1., 1., 1., 1., 1., 1., 1., 1., 1., 1., 1., 1., 1., 1., 1., 1., 1., 1., 1., 1., 1., 1., 1., 1., 1., 1., 1., 1., 1., 1., 1., 1., 1., 1., 1., 1., 1., 1., 1., 1., 1., 1., 1., 1., 1., 1., 1., 1., 1., 1., 1., 1., 1.]
chiCon.y=[0., 0., 0., 0., 0., 1., 1., 1., 1., 1., 1., 1., 1., 1., 1., 1., 1., 1., 1., 1., 1., 1., 1., 1., 1., 1., 1., 1., 1., 1., 1., 0., 0., 1., 1., 1., 1., 1., 1., 1., 1., 1., 1., 1., 1., 0., 0., 0., 1., 1., 1., 1., 1., 1., 1., 1., 0., 0., 0., 0., 0., 1., 1., 1., 1., 1., 1., 1., 1., 1., 1., 1., 0., 0., 0., 0., 1., 1., 1., 1., 1., 1., 1., 1., 0., 0., 0., 0., 0., 0., 1., 1., 1., 1., 1., 1., 1., 1., 0., 0., 0.]
pumCHW.m_flow=[4.20376873016357421875, 8.28046894073486328125, 8.28046894073486328125, 8.0202846527099609375, 9.016086578369140625, 7.85895967483520507812, 7.85895967483520507812, 7.85895967483520507812, 7.85895967483520507812, 7.85895967483520507812, 7.85895967483520507812, 7.85895967483520507812, 7.85895967483520507812, 7.85895967483520507812, 7.85895967483520507812, 7.85895967483520507812, 7.85895967483520507812, 7.85895967483520507812, 7.85895967483520507812, 7.85895967483520507812, 7.85895967483520507812, 7.85895967483520507812, 7.85895967483520507812, 7.85895967483520507812, 7.85895967483520507812, 7.85895967483520507812, 7.85895967483520507812, 7.85895967483520507812, 7.85895967483520507812, 7.85895967483520507812, 7.85895967483520507812, 8.77773284912109375, 8.77773284912109375, 7.85895967483520507812, 7.85895967483520507812, 7.85895967483520507812, 7.85895967483520507812, 7.85895967483520507812, 7.85895967483520507812, 7.85895967483520507812, 7.85895967483520507812, 7.85895967483520507812, 7.85895967483520507812, 7.85895967483520507812, 7.85895967483520507812, 8.5327243804931640625, 8.28046894073486328125, 9.24829864501953125, 7.85895967483520507812, 7.85895967483520507812, 7.85895967483520507812, 7.85895967483520507812, 7.85895967483520507812, 7.85895967483520507812, 7.85895967483520507812, 7.85895967483520507812, 8.77773284912109375, 8.28046894073486328125, 8.5327243804931640625, 8.0202846527099609375, 8.5327243804931640625, 7.85895967483520507812, 7.85895967483520507812, 7.85895967483520507812, 7.85895967483520507812, 7.85895967483520507812, 7.85895967483520507812, 7.85895967483520507812, 7.85895967483520507812, 7.85895967483520507812, 7.85895967483520507812, 7.85895967483520507812, 9.39992046356201171875, 8.5327243804931640625, 8.5327243804931640625, 9.016086578369140625, 7.85895967483520507812, 7.85895967483520507812, 7.85895967483520507812, 7.85895967483520507812, 7.85895967483520507812, 7.85895967483520507812, 7.85895967483520507812, 7.85895967483520507812, 8.5327243804931640625, 8.5327243804931640625, 8.77773284912109375, 8.77773284912109375, 8.5327243804931640625, 8.5327243804931640625, 7.85895967483520507812, 7.85895967483520507812, 7.85895967483520507812, 7.85895967483520507812, 7.85895967483520507812, 7.85895967483520507812, 7.85895967483520507812, 7.85895967483520507812, 8.5327243804931640625, 8.5327243804931640625, 8.5327243804931640625]
