last-generated=2016-10-03
statistics-initialization=
{
  "numerical Jacobians": "0", 
  "nonlinear": "7, 20, 8"
}
statistics-simulation=
{
  "numerical Jacobians": "0", 
  "nonlinear": "1, 1, 7, 1, 1, 1, 1, 1, 20, 1, 1, 8, 1, 1, 1, 1, 1, 1, 1", 
  "number of continuous time states": "219", 
  "linear": "0, 0, 0, 0, 0, 0, 0, 0, 0, 0, 0, 0, 0, 0, 0, 0, 0, 0, 0, 0, 0, 0, 0, 0, 0, 0, 0,   0, 0, 0, 0, 0, 0, 0, 0, 0, 0, 0, 0, 0, 0, 0, 0, 0, 0, 0, 0, 0, 0, 0, 0, 0, 0,   0, 0, 0, 0, 0, 0, 0, 0, 0, 0, 0, 0, 0, 0, 0, 0, 0, 0, 0, 0"
}
ele.air.vol.T=[293.149993896484375, 290.222137451171875, 288.855804443359375, 289.63128662109375, 289.96844482421875, 290.718505859375, 292.250396728515625, 292.358062744140625, 289.70648193359375, 288.674896240234375, 287.737945556640625, 287.095428466796875, 286.215728759765625, 288.3812255859375, 289.120269775390625, 290.280548095703125, 291.654632568359375, 291.416351318359375, 288.544586181640625, 287.61248779296875, 286.822296142578125, 286.590972900390625, 287.045318603515625, 288.99017333984375, 289.42779541015625, 290.22918701171875, 291.78875732421875, 291.441802978515625, 288.62261962890625, 287.421905517578125, 286.727813720703125, 286.09783935546875, 285.401885986328125, 287.45123291015625, 288.256561279296875, 289.186065673828125, 290.443084716796875, 289.933837890625, 286.948333740234375, 286.04791259765625, 285.514312744140625, 285.084686279296875, 284.149932861328125, 286.77197265625, 287.662933349609375, 288.475311279296875, 290.0406494140625, 289.990875244140625, 286.572296142578125, 285.468780517578125, 284.9796142578125, 284.531768798828125, 284.19403076171875, 286.782684326171875, 287.37408447265625, 288.048492431640625, 289.511749267578125, 289.7490234375, 286.165008544921875, 285.0203857421875, 285.00408935546875, 284.766571044921875, 284.062591552734375, 287.125640869140625, 287.97613525390625, 288.2601318359375, 289.083160400390625, 289.2176513671875, 285.86181640625, 284.8026123046875, 284.256317138671875, 283.830841064453125, 283.4642333984375, 286.385772705078125, 287.0482177734375, 288.08172607421875, 290.080902099609375, 290.34228515625, 286.672088623046875, 285.41552734375, 284.890045166015625, 284.4573974609375, 283.889923095703125, 286.710174560546875, 287.317108154296875, 288.137939453125, 289.483642578125, 289.326019287109375, 286.075469970703125, 285.047760009765625, 284.338165283203125, 283.8414306640625, 283.441802978515625, 286.355194091796875, 287.127044677734375, 288.097991943359375, 289.548492431640625, 289.927886962890625, 285.94342041015625, 284.7200927734375, 284.108673095703125]
weaDat.weaBus.TDryBul=[280.350006103515625, 280.225006103515625, 277.8377685546875, 279.201934814453125, 281.713348388671875, 283.149993896484375, 285.17144775390625, 284.550689697265625, 283.71063232421875, 282.47967529296875, 279.850006103515625, 279.032379150390625, 278.411529541015625, 280.90899658203125, 284.376678466796875, 287.04998779296875, 286.520965576171875, 284.524658203125, 284.957733154296875, 282.37567138671875, 282.04998779296875, 283.85546875, 286.160491943359375, 284.16314697265625, 285.810791015625, 288.149993896484375, 289.35797119140625, 287.141265869140625, 285.093994140625, 282.35675048828125, 282.04998779296875, 281.183929443359375, 277.815155029296875, 278.480010986328125, 281.933441162109375, 283.149993896484375, 283.529205322265625, 283.231597900390625, 282.5238037109375, 282.04998779296875, 281.45001220703125, 280.0377197265625, 277.478668212890625, 279.3797607421875, 280.314788818359375, 282.04998779296875, 284.064910888671875, 283.764404296875, 282.019256591796875, 281.3123779296875, 280.350006103515625, 279.850006103515625, 279.347320556640625, 278.619842529296875, 279.048675537109375, 279.850006103515625, 281.209991455078125, 281.45001220703125, 281.420013427734375, 279.665618896484375, 282.04998779296875, 280.873138427734375, 280.2459716796875, 281.107421875, 282.789215087890625, 280.95001220703125, 282.543426513671875, 282.156219482421875, 280.83587646484375, 279.880859375, 278.75, 278.149993896484375, 277.647308349609375, 277.0389404296875, 279.443145751953125, 283.149993896484375, 285.898834228515625, 284.178955078125, 282.889129638671875, 282.371002197265625, 282.04998779296875, 282.56988525390625, 280.248321533203125, 279.1676025390625, 280.256561279296875, 281.149993896484375, 282.933258056640625, 283.25714111328125, 282.44976806640625, 281.148956298828125, 279.850006103515625, 279.6387939453125, 279.25, 277.790008544921875, 280.02532958984375, 280.649993896484375, 281.95147705078125, 282.224273681640625, 280.83587646484375, 279.850006103515625, 279.850006103515625]
clo.air.vol.T=[293.149993896484375, 292.89697265625, 292.556884765625, 292.62506103515625, 292.727996826171875, 293.149688720703125, 293.466033935546875, 293.51055908203125, 293.26080322265625, 292.877197265625, 292.585693359375, 292.3507080078125, 292.0897216796875, 292.367431640625, 292.497283935546875, 292.895233154296875, 293.289825439453125, 293.2847900390625, 292.9310302734375, 292.579437255859375, 292.30889892578125, 292.1202392578125, 292.0355224609375, 292.4398193359375, 292.548187255859375, 292.848388671875, 293.20849609375, 293.21514892578125, 292.854400634765625, 292.49908447265625, 292.2340087890625, 292.03338623046875, 291.826324462890625, 292.197509765625, 292.275421142578125, 292.5201416015625, 292.8675537109375, 292.8499755859375, 292.302276611328125, 291.96197509765625, 291.760345458984375, 291.587615966796875, 291.374786376953125, 291.90960693359375, 292.066375732421875, 292.4190673828125, 292.87579345703125, 292.92926025390625, 292.3895263671875, 291.9873046875, 291.73394775390625, 291.54315185546875, 291.376983642578125, 291.952911376953125, 292.100372314453125, 292.32220458984375, 292.685455322265625, 292.762542724609375, 292.15777587890625, 291.784942626953125, 291.564208984375, 291.435089111328125, 291.260223388671875, 291.916229248046875, 292.035614013671875, 292.17193603515625, 292.3289794921875, 292.438446044921875, 291.75390625, 291.426116943359375, 291.20703125, 291.04595947265625, 290.900390625, 291.66278076171875, 291.912017822265625, 292.382080078125, 292.84625244140625, 292.936004638671875, 292.3721923828125, 291.971343994140625, 291.69921875, 291.47412109375, 291.28509521484375, 291.9107666015625, 292.065155029296875, 292.504608154296875, 292.84808349609375, 292.820892333984375, 292.25115966796875, 291.875640869140625, 291.597076416015625, 291.382476806640625, 291.201751708984375, 291.859466552734375, 292.012451171875, 292.394805908203125, 292.800201416015625, 292.88690185546875, 292.290374755859375, 291.862884521484375, 291.576507568359375]
X3A.air.vol.T=[293.149993896484375, 292.0677490234375, 291.45068359375, 292.18499755859375, 293.98553466796875, 294.66900634765625, 295.451202392578125, 293.809051513671875, 293.3433837890625, 292.6414794921875, 292.063201904296875, 291.645263671875, 291.175018310546875, 292.12725830078125, 293.298492431640625, 294.6817626953125, 294.790679931640625, 293.623046875, 293.130828857421875, 292.47479248046875, 291.97161865234375, 291.703704833984375, 291.71099853515625, 292.417633056640625, 293.350128173828125, 294.234100341796875, 294.824737548828125, 293.557464599609375, 293.0919189453125, 292.421417236328125, 291.950836181640625, 291.581878662109375, 291.161407470703125, 292.043548583984375, 292.505218505859375, 293.771087646484375, 294.014007568359375, 293.086639404296875, 292.264495849609375, 291.7108154296875, 291.352447509765625, 291.0826416015625, 290.667724609375, 291.832122802734375, 292.5262451171875, 294.192474365234375, 294.847869873046875, 293.45849609375, 292.74102783203125, 292.0423583984375, 291.60382080078125, 291.251220703125, 290.967620849609375, 291.9716796875, 292.9609375, 293.218353271484375, 294.359100341796875, 293.205596923828125, 292.400115966796875, 291.776092529296875, 291.535400390625, 291.33172607421875, 290.993072509765625, 292.08575439453125, 292.36761474609375, 292.506622314453125, 293.184478759765625, 292.796295166015625, 291.68389892578125, 291.160614013671875, 290.87567138671875, 290.645233154296875, 290.43560791015625, 291.76544189453125, 293.290771484375, 294.866912841796875, 295.349761962890625, 293.63800048828125, 293.0340576171875, 292.327667236328125, 291.89404296875, 291.567901611328125, 291.14056396484375, 292.03704833984375, 293.14031982421875, 294.6070556640625, 294.662322998046875, 293.369049072265625, 292.74072265625, 292.089813232421875, 291.587188720703125, 291.226348876953125, 290.9256591796875, 291.963836669921875, 292.94732666015625, 294.33221435546875, 295.022918701171875, 293.465423583984375, 292.7132568359375, 291.972991943359375, 291.54827880859375]
time=[0., 864000.]
X3A.surf_surBou[4].T=[293.13330078125, 292.84881591796875, 292.522918701171875, 292.369140625, 293.499298095703125, 294.686279296875, 295.535888671875, 294.794952392578125, 294.1181640625, 293.595001220703125, 293.136871337890625, 292.75091552734375, 292.38238525390625, 292.253448486328125, 293.15753173828125, 294.552215576171875, 295.141937255859375, 294.4783935546875, 293.87139892578125, 293.39825439453125, 292.98309326171875, 292.6634521484375, 292.482086181640625, 292.4171142578125, 293.13726806640625, 294.13006591796875, 294.9097900390625, 294.258544921875, 293.744049072265625, 293.3013916015625, 292.917938232421875, 292.594482421875, 292.289459228515625, 292.159454345703125, 292.39447021484375, 293.382080078125, 293.9881591796875, 293.491607666015625, 293.0745849609375, 292.698577880859375, 292.390533447265625, 292.142547607421875, 291.870880126953125, 291.80450439453125, 292.290435791015625, 293.88232421875, 295.0401611328125, 294.258697509765625, 293.627838134765625, 293.12518310546875, 292.724212646484375, 292.393402099609375, 292.11602783203125, 292.0269775390625, 292.79888916015625, 293.101318359375, 294.37298583984375, 293.844696044921875, 293.29547119140625, 292.855010986328125, 292.541351318359375, 292.3052978515625, 292.056182861328125, 292.00836181640625, 292.10565185546875, 292.26397705078125, 292.89898681640625, 292.866546630859375, 292.535064697265625, 292.2203369140625, 291.971771240234375, 291.768096923828125, 291.58880615234375, 291.5975341796875, 292.785552978515625, 294.47247314453125, 295.27728271484375, 294.510894775390625, 293.86090087890625, 293.342529296875, 292.9317626953125, 292.591156005859375, 292.274078369140625, 292.149322509765625, 292.995208740234375, 294.51531982421875, 295.017669677734375, 294.17132568359375, 293.613311767578125, 293.13507080078125, 292.72406005859375, 292.382080078125, 292.095550537109375, 292.011474609375, 292.779541015625, 293.969451904296875, 294.89666748046875, 294.275848388671875, 293.63262939453125, 293.1094970703125, 292.700286865234375]
X3A.surf_surBou[1].T=[293.13330078125, 292.84869384765625, 292.52069091796875, 292.36016845703125, 293.479736328125, 294.661834716796875, 295.525665283203125, 294.81182861328125, 294.16314697265625, 293.652099609375, 293.19219970703125, 292.79571533203125, 292.410888671875, 292.26336669921875, 293.14727783203125, 294.529510498046875, 295.125732421875, 294.48602294921875, 293.90301513671875, 293.440460205078125, 293.023529052734375, 292.693603515625, 292.49755859375, 292.41650390625, 293.12066650390625, 294.103790283203125, 294.88916015625, 294.25921630859375, 293.76641845703125, 293.333221435546875, 292.948089599609375, 292.615509033203125, 292.296966552734375, 292.15087890625, 292.368072509765625, 293.342529296875, 293.944915771484375, 293.461334228515625, 293.05889892578125, 292.68963623046875, 292.379852294921875, 292.123626708984375, 291.84063720703125, 291.757965087890625, 292.228424072265625, 293.81121826171875, 294.976470947265625, 294.225341796875, 293.625732421875, 293.139862060546875, 292.74053955078125, 292.40142822265625, 292.1109619140625, 292.0054931640625, 292.759857177734375, 293.051483154296875, 294.323883056640625, 293.812774658203125, 293.285003662109375, 292.855377197265625, 292.5413818359375, 292.297332763671875, 292.036651611328125, 291.973358154296875, 292.055877685546875, 292.20263671875, 292.831390380859375, 292.79931640625, 292.478607177734375, 292.17071533203125, 291.92205810546875, 291.712738037109375, 291.5250244140625, 291.519134521484375, 292.69580078125, 294.381439208984375, 295.20440673828125, 294.478546142578125, 293.86553955078125, 293.3662109375, 292.959136962890625, 292.6119384765625, 292.281951904296875, 292.140960693359375, 292.969085693359375, 294.4788818359375, 294.990570068359375, 294.169921875, 293.634979248046875, 293.16522216796875, 292.7506103515625, 292.397674560546875, 292.095611572265625, 291.993377685546875, 292.742584228515625, 293.92138671875, 294.853729248046875, 294.2572021484375, 293.640838623046875, 293.131439208984375, 292.721435546875]
X3A.surf_surBou[2].T=[293.13330078125, 292.849334716796875, 292.532379150390625, 292.40435791015625, 293.5709228515625, 294.7623291015625, 295.544830322265625, 294.701934814453125, 293.93878173828125, 293.402313232421875, 292.97705078125, 292.645263671875, 292.33941650390625, 292.273773193359375, 293.238433837890625, 294.654052734375, 295.191009521484375, 294.426300048828125, 293.74090576171875, 293.253326416015625, 292.866546630859375, 292.596405029296875, 292.47003173828125, 292.45843505859375, 293.22369384765625, 294.2315673828125, 294.96697998046875, 294.22650146484375, 293.641265869140625, 293.18609619140625, 292.828277587890625, 292.54913330078125, 292.294921875, 292.218475341796875, 292.5069580078125, 293.523529052734375, 294.1192626953125, 293.558380126953125, 293.088653564453125, 292.70037841796875, 292.411376953125, 292.199676513671875, 291.968719482421875, 291.95220947265625, 292.485198974609375, 294.091888427734375, 295.19744873046875, 294.296356201171875, 293.564788818359375, 293.032440185546875, 292.65472412109375, 292.37091064453125, 292.146575927734375, 292.1141357421875, 292.9398193359375, 293.2613525390625, 294.507843017578125, 293.904266357421875, 293.28021240234375, 292.819793701171875, 292.526397705078125, 292.330322265625, 292.125213623046875, 292.128021240234375, 292.26837158203125, 292.453216552734375, 293.09405517578125, 293.03997802734375, 292.6651611328125, 292.33074951171875, 292.090606689453125, 291.9122314453125, 291.763336181640625, 291.818115234375, 293.03814697265625, 294.71258544921875, 295.427978515625, 294.517547607421875, 293.7586669921875, 293.2125244140625, 292.824371337890625, 292.5313720703125, 292.270660400390625, 292.20367431640625, 293.10418701171875, 294.64190673828125, 295.084503173828125, 294.13427734375, 293.50604248046875, 293.0225830078125, 292.6453857421875, 292.3541259765625, 292.1239013671875, 292.098388671875, 292.921966552734375, 294.1295166015625, 295.012237548828125, 294.28887939453125, 293.556243896484375, 293.009185791015625, 292.627227783203125]
X3A.surf_surBou[3].T=[293.13330078125, 292.84979248046875, 292.539398193359375, 292.42742919921875, 293.6131591796875, 294.79595947265625, 295.528656005859375, 294.62725830078125, 293.830230712890625, 293.30859375, 292.9163818359375, 292.62030029296875, 292.34686279296875, 292.310455322265625, 293.299163818359375, 294.70977783203125, 295.19866943359375, 294.372161865234375, 293.655853271484375, 293.18035888671875, 292.823089599609375, 292.584930419921875, 292.48687744140625, 292.498687744140625, 293.279998779296875, 294.281951904296875, 294.978271484375, 294.183807373046875, 293.570587158203125, 293.126434326171875, 292.794891357421875, 292.544586181640625, 292.3167724609375, 292.265045166015625, 292.57427978515625, 293.596343994140625, 294.171661376953125, 293.566802978515625, 293.073944091796875, 292.691314697265625, 292.422271728515625, 292.233673095703125, 292.023468017578125, 292.028900146484375, 292.581085205078125, 294.185028076171875, 295.244842529296875, 294.271759033203125, 293.49810791015625, 292.97344970703125, 292.6256103515625, 292.3739013671875, 292.178009033203125, 292.171844482421875, 293.01885986328125, 293.3348388671875, 294.556243896484375, 293.903778076171875, 293.245208740234375, 292.790679931640625, 292.52117919921875, 292.351776123046875, 292.1695556640625, 292.194488525390625, 292.35223388671875, 292.542572021484375, 293.17791748046875, 293.10247802734375, 292.70343017578125, 292.365386962890625, 292.137359619140625, 291.9761962890625, 291.84356689453125, 291.917694091796875, 293.151519775390625, 294.806304931640625, 295.45562744140625, 294.46820068359375, 293.66943359375, 293.1356201171875, 292.77911376953125, 292.520721435546875, 292.29046630859375, 292.250152587890625, 293.17169189453125, 294.703887939453125, 295.095855712890625, 294.083984375, 293.432098388671875, 292.96551513671875, 292.61895751953125, 292.35943603515625, 292.15728759765625, 292.15777587890625, 293.00225830078125, 294.205535888671875, 295.046142578125, 294.260284423828125, 293.489471435546875, 292.9508056640625, 292.59912109375]
