last-generated=2016-10-03
statistics-initialization=
{
  "linear": "7"
}
statistics-simulation=
{
  "numerical Jacobians": "0", 
  "nonlinear": " ", 
  "number of continuous time states": "6", 
  "linear": "0, 5, 0, 0"
}
thermalZoneFourElements.TAir=[295.149993896484375, 294.31478271484377273737, 289.69802246093752273737, 290.77562866210939773737, 293.4703369140625, 290.821807861328125, 292.071014404296875, 293.35127563476561363132, 291.24692382812497726263, 292.84908447265627273737, 296.135498046875, 292.68817749023435226263, 293.826416015625, 299.24464111328126136868, 294.99306640625002273737, 296.889556884765625, 299.76835937499998863132, 297.72593383789063636868, 302.57471923828126136868, 300.61857910156248863132, 301.793426513671875, 303.99764404296877273737, 300.54564819335939773737, 298.138031005859375, 304.38885498046875, 303.82489013671875, 303.72392578124998863132, 304.74401245117189773737, 302.50860595703125, 303.74240722656247726263, 310.036865234375, 303.28773193359376136868, 306.38121948242189773737, 313.880035400390625, 308.48775024414061363132, 309.358551025390625, 314.47750244140627273737, 305.8016357421875, 308.72089233398435226263, 312.82399291992186363132, 308.002777099609375, 310.90996093749998863132, 314.51534423828127273737, 312.007049560546875, 316.11958007812501136868, 310.943115234375, 306.30521850585938636868, 309.45781860351564773737, 306.76339111328127273737, 307.50571899414063636868, 315.320159912109375, 308.47791748046876136868, 309.55848388671876136868, 314.84268798828122726263, 308.27343139648439773737, 307.864471435546875, 314.82824096679689773737, 309.27000732421873863132, 311.376556396484375, 316.155303955078125, 310.881011962890625, 315.59783325195314773737, 307.98143920898439773737, 306.637603759765625, 310.58605346679689773737, 304.5517578125, 305.86507568359377273737, 310.71220092773438636868, 305.79080810546872726263, 307.10489501953122726263, 309.21728515625, 306.38145141601563636868, 305.59259033203125, 309.496551513671875, 301.73327026367189773737, 302.242462158203125, 308.50817260742189773737, 301.98473510742189773737, 304.86718139648439773737, 306.73804931640626136868, 302.009979248046875, 303.32631225585936363132, 299.973846435546875, 298.92020263671872726263, 301.62844238281252273737, 295.316253662109375, 294.71799316406247726263, 299.03369750976560226263, 294.93891601562501136868, 297.08978271484375, 298.414764404296875, 294.65718994140627273737, 294.317352294921875, 295.36350708007813636868, 291.6741943359375, 292.3023681640625, 293.27545166015625, 291.10004882812501136868, 294.09932861328127273737, 292.33595581054686363132, 291.380279541015625]
time=[0., 31536000.]
