last-generated=2016-10-03
statistics-simulation=
{
  "numerical Jacobians": "0", 
  "nonlinear": " ", 
  "number of continuous time states": "9", 
  "linear": "0, 0"
}
THeaOut.T=[293.149993896484375, 290.322479248046875, 290.379852294921875, 290.432769775390625, 290.351348876953125, 290.259552001953125, 290.149993896484375, 290.02496337890625, 289.88604736328125, 289.735565185546875, 289.575836181640625, 289.409393310546875, 289.23883056640625, 289.178314208984375, 289.372100830078125, 297.907135009765625, 293.867584228515625, 293.508392333984375, 293.374420166015625, 293.2491455078125, 293.15533447265625, 293.22381591796875, 293.3677978515625, 293.53955078125, 293.705108642578125, 293.843475341796875, 293.938201904296875, 293.974609375, 293.949432373046875, 293.859649658203125, 293.7022705078125, 293.476226806640625, 293.1849365234375, 293.51959228515625, 293.659271240234375, 293.819488525390625, 293.985809326171875, 294.156341552734375, 294.328277587890625, 294.4989013671875, 292.40777587890625, 290.78033447265625, 289.499908447265625, 290.00006103515625, 290.145355224609375, 290.255706787109375, 290.348541259765625, 290.421875, 290.4754638671875, 290.508056640625, 290.519073486328125, 290.508514404296875, 290.476776123046875, 290.42425537109375, 290.351348876953125, 290.259368896484375, 290.149932861328125, 290.02484130859375, 289.8861083984375, 289.7357177734375, 289.575836181640625, 289.409393310546875, 289.239715576171875, 289.179962158203125, 289.373748779296875, 297.908294677734375, 293.869964599609375, 293.511322021484375, 293.374969482421875, 293.2491455078125, 293.157257080078125, 293.22418212890625, 293.368072509765625, 293.539642333984375, 293.706024169921875, 293.842742919921875, 293.93670654296875, 293.97540283203125, 293.950927734375, 293.860382080078125, 293.70196533203125, 293.47601318359375, 293.17303466796875, 293.51861572265625, 293.659393310546875, 293.819488525390625, 293.985809326171875, 294.156341552734375, 294.328277587890625, 294.4989013671875, 292.40777587890625, 290.779876708984375, 289.497894287109375, 290.00225830078125, 290.145294189453125, 290.255706787109375, 290.3485107421875, 290.421875, 290.4754638671875, 290.50799560546875, 290.5191650390625]
TSet.y=[289.149993896484375, 289.149993896484375, 289.149993896484375, 289.149993896484375, 289.149993896484375, 289.149993896484375, 289.149993896484375, 289.149993896484375, 289.149993896484375, 289.149993896484375, 289.149993896484375, 289.149993896484375, 289.149993896484375, 289.149993896484375, 289.149993896484375, 293.149993896484375, 293.149993896484375, 293.149993896484375, 293.149993896484375, 293.149993896484375, 293.149993896484375, 293.149993896484375, 293.149993896484375, 293.149993896484375, 293.149993896484375, 293.149993896484375, 293.149993896484375, 293.149993896484375, 293.149993896484375, 293.149993896484375, 293.149993896484375, 293.149993896484375, 293.149993896484375, 293.149993896484375, 293.149993896484375, 293.149993896484375, 293.149993896484375, 293.149993896484375, 293.149993896484375, 293.149993896484375, 289.149993896484375, 289.149993896484375, 289.149993896484375, 289.149993896484375, 289.149993896484375, 289.149993896484375, 289.149993896484375, 289.149993896484375, 289.149993896484375, 289.149993896484375, 289.149993896484375, 289.149993896484375, 289.149993896484375, 289.149993896484375, 289.149993896484375, 289.149993896484375, 289.149993896484375, 289.149993896484375, 289.149993896484375, 289.149993896484375, 289.149993896484375, 289.149993896484375, 289.149993896484375, 289.149993896484375, 289.149993896484375, 293.149993896484375, 293.149993896484375, 293.149993896484375, 293.149993896484375, 293.149993896484375, 293.149993896484375, 293.149993896484375, 293.149993896484375, 293.149993896484375, 293.149993896484375, 293.149993896484375, 293.149993896484375, 293.149993896484375, 293.149993896484375, 293.149993896484375, 293.149993896484375, 293.149993896484375, 293.149993896484375, 293.149993896484375, 293.149993896484375, 293.149993896484375, 293.149993896484375, 293.149993896484375, 293.149993896484375, 293.149993896484375, 289.149993896484375, 289.149993896484375, 289.149993896484375, 289.149993896484375, 289.149993896484375, 289.149993896484375, 289.149993896484375, 289.149993896484375, 289.149993896484375, 289.149993896484375, 289.149993896484375]
TVol.T=[293.149993896484375, 290.280181884765625, 289.189666748046875, 289.150421142578125, 289.151123046875, 289.1512451171875, 289.1514892578125, 289.15167236328125, 289.151824951171875, 289.1519775390625, 289.152069091796875, 289.152130126953125, 289.152191162109375, 289.180206298828125, 289.376953125, 292.557098388671875, 293.154998779296875, 293.1512451171875, 293.151611328125, 293.1514892578125, 293.153472900390625, 293.22589111328125, 293.370758056640625, 293.54266357421875, 293.7078857421875, 293.8455810546875, 293.93939208984375, 293.9747314453125, 293.948394775390625, 293.857421875, 293.698822021484375, 293.471588134765625, 293.179168701171875, 293.148223876953125, 293.14813232421875, 293.14794921875, 293.147857666015625, 293.1478271484375, 293.1478271484375, 293.147857666015625, 292.374725341796875, 290.753570556640625, 289.46295166015625, 289.139801025390625, 289.148773193359375, 289.14874267578125, 289.14892578125, 289.149169921875, 289.149444580078125, 289.14971923828125, 289.149993896484375, 289.1502685546875, 289.1505126953125, 289.150787353515625, 289.151031494140625, 289.151275634765625, 289.1514892578125, 289.15167236328125, 289.151824951171875, 289.1519775390625, 289.152069091796875, 289.152130126953125, 289.1519775390625, 289.18267822265625, 289.37860107421875, 292.558258056640625, 293.15509033203125, 293.15093994140625, 293.151702880859375, 293.1514892578125, 293.15380859375, 293.226287841796875, 293.371002197265625, 293.542755126953125, 293.70880126953125, 293.8448486328125, 293.93792724609375, 293.975555419921875, 293.94989013671875, 293.858154296875, 293.698516845703125, 293.471343994140625, 293.175628662109375, 293.148162841796875, 293.148162841796875, 293.14794921875, 293.147857666015625, 293.1478271484375, 293.1478271484375, 293.147857666015625, 292.374725341796875, 290.753265380859375, 289.463592529296875, 289.1396484375, 289.148773193359375, 289.14874267578125, 289.14892578125, 289.149169921875, 289.149444580078125, 289.14971923828125, 289.149993896484375]
TOut.y=[284.149993896484375, 284.189422607421875, 284.307098388671875, 284.501129150390625, 284.768463134765625, 285.10491943359375, 285.505157470703125, 285.962890625, 286.470855712890625, 287.0211181640625, 287.60491943359375, 288.213104248046875, 288.8360595703125, 289.463958740234375, 290.0869140625, 290.695098876953125, 291.278900146484375, 291.829132080078125, 292.337127685546875, 292.794830322265625, 293.195098876953125, 293.531524658203125, 293.79888916015625, 293.992919921875, 294.110565185546875, 294.149993896484375, 294.110565185546875, 293.992919921875, 293.79888916015625, 293.531524658203125, 293.195098876953125, 292.794830322265625, 292.337127685546875, 291.829132080078125, 291.278900146484375, 290.695098876953125, 290.0869140625, 289.463958740234375, 288.8360595703125, 288.213104248046875, 287.60491943359375, 287.0211181640625, 286.470855712890625, 285.962890625, 285.505157470703125, 285.10491943359375, 284.768463134765625, 284.501129150390625, 284.307098388671875, 284.189422607421875, 284.149993896484375, 284.189422607421875, 284.307098388671875, 284.501129150390625, 284.768463134765625, 285.10491943359375, 285.505157470703125, 285.962890625, 286.470855712890625, 287.0211181640625, 287.60491943359375, 288.213104248046875, 288.8360595703125, 289.463958740234375, 290.0869140625, 290.695098876953125, 291.278900146484375, 291.829132080078125, 292.337127685546875, 292.794830322265625, 293.195098876953125, 293.531524658203125, 293.79888916015625, 293.992919921875, 294.110565185546875, 294.149993896484375, 294.110565185546875, 293.992919921875, 293.79888916015625, 293.531524658203125, 293.195098876953125, 292.794830322265625, 292.337127685546875, 291.829132080078125, 291.278900146484375, 290.695098876953125, 290.0869140625, 289.463958740234375, 288.8360595703125, 288.213104248046875, 287.60491943359375, 287.0211181640625, 286.470855712890625, 285.962890625, 285.505157470703125, 285.10491943359375, 284.768463134765625, 284.501129150390625, 284.307098388671875, 284.189422607421875, 284.149993896484375]
time=[0., 172800.]
hea.Q_flow=[0., 0., 225.2122802734375, 252.6463470458984375, 236.389923095703125, 218.23101806640625, 196.5174713134765625, 171.77084350585934657829, 144.295318603515625, 114.5499725341796875, 82.99779510498046875, 50.137786865234375, 16.485546112060546875, 0., 0., 1080., 135.6601104736328125, 70.18626403808589486744, 43.505084991455078125, 18.8482151031494140625, 0., 0., 0., 0., 0., 0., 0., 0., 0., 0., 0., 0., 0., 73.561767578125, 101.34297943115247164769, 133.01245117187485789145, 165.866668701171875, 199.514739990234375, 233.4253387451171875, 267.06280517578125, 0., 0., 0., 172.8877716064453125, 196.911529541015625, 218.680084228515625, 236.883209228515625, 251.236907958984375, 261.6766357421875, 267.9754638671875, 270.022735595703125, 267.81182861328125, 261.423431396484375, 250.9381561279296875, 236.4367218017578125, 218.18942260742170446974, 196.50566101074198854803, 171.74417114257835237368, 144.3030853271484375, 114.58046722412109375, 82.9962921142578125, 50.13834381103515625, 16.8422603607177734375, 0., 0., 1080., 136.0471343994140625, 70.85881805419921875, 43.56510162353493598175, 18.85220909118672238947, 0.00000000000010791368, 0., 0., 0., 0., 0., 0., 0., 0., 0., 0., 0., 0., 73.4127044677734375, 101.34613800048828125, 133.021514892578125, 165.862701416015625, 199.5181732177734375, 233.42242431640625, 267.063262939453125, 0., 0., 0., 173.3517913818359375, 196.8943328857421875, 218.6771087646484375, 236.8824615478515625, 251.236602783203125, 261.67767333984375, 267.9664306640625, 270.038055419921875]
