last-generated=2016-03-15
statistics-initialization=
{
  "numerical Jacobians": "0", 
  "nonlinear": "1"
}
statistics-simulation=
{
  "numerical Jacobians": "0", 
  "nonlinear": "0", 
  "number of continuous time states": "8", 
  "linear": " "
}
limPID.u_m=[0.30000030994415283203, 0.33812740445137023926, 0.37625527381896972656, 0.41438093781471252441, 0.45250439643859863281, 0.49062564969062805176, 0.52874469757080078125, 0.56686151027679443359, 0.60497611761093139648, 0.64308851957321166992, 0.68119871616363525391, 0.71930670738220214844, 0.75741249322891235352, 0.79551607370376586914, 0.83361744880676280633, 0.87171661853790283203, 0.9098135828971862793, 0.94790828227996826172, 0.985996246337890625, 1.02227544784545898438, 1.05195736885070800781, 1.07297277450561523438, 1.08457934856414794922, 1.08723902702331542969, 1.08217489719390869141, 1.0712738037109375, 1.05666422843933105469, 1.04038953781127929688, 1.02417314052581787109, 1.009288787841796875, 0.99656319618225097656, 0.98648291826248168945, 0.97923427820205688477, 0.97474491596221923828, 0.97286707162857055664, 0.97328025102615356445, 0.97551131248474121094, 0.97912073135375976562, 0.98364466428756713867, 0.98862302303314208984, 0.99361836910247802734, 0.99825441837310791016, 1.00223588943481445312, 1.00535154342651367188, 1.00751554965972900391, 1.00870716571807861328, 1.00900304317474365234, 1.00855004787445068359, 1.00752079486846923828, 1.006099700927734375, 1.00448167324066162109, 1.00281238555908203125, 1.00123882293701171875, 0.99985718727111816406, 0.99873471260070800781, 0.99790966510772705078, 0.99738836288452148438, 0.99715793132781982422, 0.99718743562698364258, 0.99743074178695678711, 0.99782830476760864258, 0.99831247329711914062, 0.99881422519683837891, 0.99930095672607421875, 0.99973654747009277344, 1.00010371208190917969, 1.000370025634765625, 1.00055980682373046875, 1.0006771087646484375, 1.00071620941162109375, 1.00071501731872558594, 1.00066459178924560547, 1.00058317184448242188, 1.00048112869262695312, 1.00036847591400146484, 1.00024390220642089844, 1.00012600421905517578, 1.00001597404479980469, 0.99991911649703979492, 0.99984210729598999023, 0.99979072809219360352, 0.99975758790969848633, 0.99974876642227172852, 0.99976098537445068359, 0.99978667497634887695, 0.99982714653015136719, 0.99987381696701049805, 0.99992471933364868164, 0.99997603893280029297, 1.00002408027648925781, 1.00006508827209472656, 1.00009453296661376953, 1.00011777877807617188, 1.00013482570648193359, 1.00014567375183105469, 1.00015044212341308594, 1.00014913082122802734, 1.00014173984527587891, 1.00012814998626708984, 1.00010848045349121094, 1.00008451938629150391]
limPID.u_s=[1., 1.]
time=[0., 36000.]
limPID.y=[0., 0., 0., 0., 0., 0., 0., 0., 0., 0., 0., 0., 0., 0., 0., 0., 0., 0., 0., 0.06556759029626846313, 0.17026469111442565918, 0.2881762385368347168, 0.40686577558517456055, 0.51623463630676269531, 0.60869193077087402344, 0.6798070073127746582, 0.72803634405136108398, 0.75400429964065551758, 0.76021492481231689453, 0.75023663043975830078, 0.72797089815139770508, 0.69731301069259643555, 0.6619358062744140625, 0.62508052587509155273, 0.58965188264846801758, 0.55794274806976318359, 0.53150820732116699219, 0.5113925933837890625, 0.49803376197814941406, 0.49133387207984924316, 0.49071192741394042969, 0.49520626664161682129, 0.50365030765533447266, 0.51463776826858520508, 0.52703356742858886719, 0.53942102193832397461, 0.55099797248840332031, 0.56086140871047973633, 0.56861925125122070312, 0.57403695583343505859, 0.5771725773811340332, 0.57818835973739624023, 0.57742285728454589844, 0.5752589106559753418, 0.57208174467086791992, 0.56834489107131958008, 0.56440562009811401367, 0.56062018871307373047, 0.55726629495620727539, 0.55454534292221069336, 0.5525690913200378418, 0.55133593082427978516, 0.55070143938064575195, 0.55071872472763061523, 0.55120283365249633789, 0.55192464590072631836, 0.55288344621658325195, 0.55389159917831420898, 0.55485874414443969727, 0.55574816465377807617, 0.55657368898391723633, 0.55721694231033325195, 0.5577392578125, 0.55814152956008911133, 0.55838578939437866211, 0.55849438905715942383, 0.55847626924514770508, 0.55834418535232543945, 0.55812507867813110352, 0.55784904956817626953, 0.55753076076507568359, 0.55720955133438110352, 0.55690580606460571289, 0.55663740634918212891, 0.556415557861328125, 0.55626475811004638672, 0.55614078044891357422, 0.55606091022491455078, 0.55602705478668212891, 0.55604028701782226562, 0.55610162019729614258, 0.55616462230682373047, 0.55625635385513305664, 0.55637902021408081055, 0.55653268098831176758, 0.55667978525161743164, 0.55677962303161621094, 0.55687409639358520508, 0.55696308612823486328, 0.55704665184020996094, 0.55710953474044799805]
conVolFlo.y=[0., 0., 0., 0., 0., 0., 0., 0., 0., 0., 0., 0., 0., 0., 0., 0., 0., 0., 0., 2.75732851028442382812, 7.1885223388671875, 12.1664714813232421875, 17.177013397216796875, 21.7942104339599609375, 25.697322845458984375, 28.6992130279541015625, 30.7350921630859375, 31.831417083740234375, 32.093441009521484375, 31.6720371246337890625, 30.732517242431640625, 29.43843841552734375, 27.9446258544921875, 26.3892154693603515625, 24.8935337066650390625, 23.5548763275146484375, 22.43898773193359375, 21.5897846221923828125, 21.0258388519287109375, 20.7430019378662109375, 20.7167377471923828125, 20.906475067138671875, 21.262950897216796875, 21.726787567138671875, 22.250080108642578125, 22.77301788330078125, 23.2617397308349609375, 23.6781215667724609375, 24.005619049072265625, 24.2343235015869140625, 24.3666934967041015625, 24.4095706939697265625, 24.37725830078125, 24.2859058380126953125, 24.151782989501953125, 23.9940338134765625, 23.8277378082275390625, 23.667938232421875, 23.5263538360595703125, 23.4114894866943359375, 23.3280620574951171875, 23.2760028839111328125, 23.2492198944091796875, 23.2499485015869140625, 23.2703876495361328125, 23.3008594512939453125, 23.341335296630859375, 23.3838939666748046875, 23.4247188568115234375, 23.4622650146484375, 23.4971141815185546875, 23.52426910400390625, 23.5463199615478515625, 23.5633029937744140625, 23.57361602783203125, 23.5781993865966796875, 23.57743072509765625, 23.5718555450439453125, 23.5626049041748046875, 23.550952911376953125, 23.537517547607421875, 23.5239582061767578125, 23.511138916015625, 23.4998073577880859375, 23.4904422760009765625, 23.4840755462646484375, 23.4788417816162109375, 23.475467681884765625, 23.47403717041015625, 23.4745960235595703125, 23.4771862030029296875, 23.479846954345703125, 23.4837188720703125, 23.48889923095703125, 23.4953861236572265625, 23.50159454345703125, 23.505809783935546875, 23.509796142578125, 23.513553619384765625, 23.51708221435546875, 23.51973724365234375]
conMasVolFra.V=[0.00030000030528753996, 0.00033812740002758801, 0.00037625528057105839, 0.00041438094922341406, 0.00045250440598465502, 0.00049062562175095081, 0.00052874465472996235, 0.00056686153402552009, 0.0006049761432223022, 0.0006430885405279696, 0.00068119872594252229, 0.00071930669946596026, 0.00075741251930594444, 0.000795516069047153, 0.00083361746510490786, 0.00087171659106388688, 0.00090981356333941221, 0.00094790832372382283, 0.00098599621560424566, 0.00102227553725242615, 0.00105195736978203058, 0.00107297278009355068, 0.00108457938767969608, 0.00108723901212215424, 0.00108217494562268257, 0.0010712738148868084, 0.00105666427407413721, 0.00104038952849805355, 0.00102417310699820518, 0.00100928882602602243, 0.00099656323436647654, 0.00098648294806480408, 0.00097923434805124998, 0.00097474490758031607, 0.00097286707023158669, 0.00097328022820875049, 0.00097551132785156369, 0.00097912072669714689, 0.00098364462610334158, 0.00098862301092594862, 0.00099361839238554239, 0.00099825439974665642, 0.00100223592016845942, 0.00100535154342651367, 0.00100751558784395456, 0.00100870709866285324, 0.00100900302641093731, 0.00100855005439370871, 0.00100752082653343678, 0.00100609962828457355, 0.00100448168814182281, 0.0010028124088421464, 0.00100123882293701172, 0.00099985720589756966, 0.00099873472936451435, 0.00099790969397872686, 0.00099738838616758585, 0.00099715788383036852, 0.00099718745332211256, 0.00099743076134473085, 0.00099782831966876984, 0.00099831249099224806, 0.00099881424102932215, 0.00099930097348988056, 0.00099973659962415695, 0.0010001037735491991, 0.0010003700153902173, 0.00100055977236479521, 0.00100067711900919676, 0.00100071623455733061, 0.00100071507040411234, 0.00100066454615443945, 0.00100058317184448242, 0.0010004810756072402, 0.00100036850199103355, 0.00100024393759667873, 0.00100012600887566805, 0.0010000159963965416, 0.00099991913884878159, 0.00099984207190573215, 0.00099979073274880648, 0.0009997575543820858, 0.00099974870681762695, 0.00099976104684174061, 0.00099978665821254253, 0.00099982717074453831, 0.00099987385328859091, 0.00099992472678422928, 0.00099997606594115496, 0.00100002402905374765, 0.00100006500724703074, 0.00100009457673877478, 0.00100011774338781834, 0.00100013474002480507, 0.0010001456830650568, 0.00100015045609325171, 0.00100014917552471161, 0.00100014172494411469, 0.00100012822076678276, 0.00100010854657739401, 0.00100008444860577583]
