last-generated=2016-10-03
statistics-initialization=
{
  "linear": "5"
}
statistics-simulation=
{
  "numerical Jacobians": "0", 
  "nonlinear": " ", 
  "number of continuous time states": "5", 
  "linear": "0, 4, 0"
}
thermalZoneThreeElements.TAir=[295.149993896484375, 295.34035034179686363132, 290.97330932617188636868, 292.2506103515625, 294.94462280273438636868, 291.90618896484375, 292.99301757812497726263, 294.77111206054689773737, 292.68903198242185226263, 294.23717651367189773737, 297.867828369140625, 294.11992797851564773737, 295.20620117187502273737, 300.732696533203125, 296.60639648437501136868, 298.58453369140625, 301.8575439453125, 299.46867675781248863132, 304.64604492187498863132, 302.66211547851560226263, 303.68035888671875, 306.253631591796875, 302.80536499023435226263, 300.337249755859375, 306.84551391601564773737, 307.005096435546875, 305.95720825195314773737, 307.27868041992189773737, 304.77948608398435226263, 306.12171630859376136868, 313.065521240234375, 305.91597900390627273737, 309.00403442382810226263, 316.821929931640625, 311.40410156249998863132, 312.419464111328125, 317.45447387695310226263, 308.59894409179685226263, 311.29096069335935226263, 315.18229370117188636868, 310.28680419921875, 313.49200439453125, 317.02832641601560226263, 314.84385375976563636868, 319.27794799804689773737, 313.8765869140625, 309.16295166015623863132, 312.25213012695314773737, 309.18663940429689773737, 309.90643920898435226263, 317.9036865234375, 311.42918090820313636868, 312.04758911132813636868, 317.84555664062497726263, 310.97843017578122726263, 310.246185302734375, 317.37635498046876136868, 311.81939697265625, 313.97168579101560226263, 318.77667236328125, 313.553680419921875, 318.46327514648436363132, 310.771575927734375, 309.07181396484372726263, 313.57551269531251136868, 307.133392333984375, 308.24165649414061363132, 313.25878295898439773737, 308.28656005859375, 309.59871215820311363132, 311.83544921875, 308.53398437499998863132, 307.81562500000001136868, 311.81975097656248863132, 303.61019287109377273737, 304.164031982421875, 310.65519409179688636868, 303.84602661132811363132, 307.24445190429685226263, 308.86733398437502273737, 304.017242431640625, 305.55352172851564773737, 301.8695068359375, 300.66997070312498863132, 303.81871948242189773737, 297.294403076171875, 296.406402587890625, 300.68244628906251136868, 296.39201049804688636868, 298.69960937500002273737, 300.351654052734375, 296.23569946289063636868, 296.06237182617189773737, 296.91676025390626136868, 293.02855834960939773737, 293.8433837890625, 294.79776611328122726263, 292.45508422851560226263, 295.73894042968748863132, 294.07391357421875, 292.854949951171875]
time=[0., 31536000.]
